# STATE_CODE(1,2); COUNTY_CODE(3,3); CITY_CODE(6,5); UAR_CODE(11,4); MSA_CODE(15,4); CBSA_CODE (19,5); AQI_DATE(24,8); AQI_VALUE1(32,5); PARAMETER_CODE1(37,5); DURATION_CODE1(42,1); AQI_CATEGORY(43,30); MAX_AQI_SITE_ID1(73,9); NUM_SITES1(82,5); AQI_VALUE2(87, 5); PARAMETER_CODE2(92, 5); DURATION_CODE2(97, 1); MAX_AQI_SITE_ID2(98, 9); NUM_SITES2(107, 5); AQI_VALUE3(112, 5); PARAMETER_CODE3(117, 5); DURATION_CODE3(122, 1); MAX_AQI_SITE_ID3(123, 9); NUM_SITES3(132, 5); AQI_VALUE4(137, 5); PARAMETER_CODE4(142, 5); DURATION_CODE4(147, 1); MAX_AQI_SITE_ID4(148, 9); NUM_SITES4(157, 5); AQI_VALUE5(162, 5); PARAMETER_CODE5(167, 5); DURATION_CODE5(172, 1); MAX_AQI_SITE_ID5(173, 9); NUM_SITES5(182, 5); AQI_VALUE6(187, 5); PARAMETER_CODE6(192, 5); DURATION_CODE6(197, 1); MAX_AQI_SITE_ID6(198, 9); NUM_SITES6(207, 5); AQI_VALUE7(212, 5); PARAMETER_CODE7(217, 5); DURATION_CODE7(222, 1); MAX_AQI_SITE_ID7(223, 9); NUM_SITES7(232, 5); AQI_VALUE8(237, 5); PARAMETER_CODE8(242, 5); DURATION_CODE8(247, 1); MAX_AQI_SITE_ID8(248, 9); NUM_SITES8(257, 5)
              7460     20180101   3844201WGOOD                          060798006    1
              7460     20180102   3344201WGOOD                          060798006    1
              7460     20180103   3044201WGOOD                          060798006    1
              7460     20180104   2444201WGOOD                          060798006    1
              7460     20180109   3844201WGOOD                          060798006    1
              7460     20180110   3144201WGOOD                          060798006    1
              7460     20180111   3244201WGOOD                          060798006    1
              7460     20180112   3144201WGOOD                          060798006    1
              7460     20180113   3044201WGOOD                          060798006    1
              7460     20180114   3344201WGOOD                          060798006    1
              7460     20180115   3144201WGOOD                          060798006    1
              7460     20180116   3144201WGOOD                          060798006    1
              7460     20180117   3344201WGOOD                          060798006    1
              7460     20180118   3144201WGOOD                          060798006    1
              7460     20180119   3344201WGOOD                          060798006    1
              7460     20180120   3144201WGOOD                          060798006    1
              7460     20180121   3144201WGOOD                          060798006    1
              7460     20180122   3344201WGOOD                          060798006    1
              7460     20180123   3444201WGOOD                          060798006    1
              7460     20180124   3744201WGOOD                          060798006    1
              7460     20180125   3444201WGOOD                          060798006    1
              7460     20180126   3544201WGOOD                          060798006    1
              7460     20180127   3444201WGOOD                          060798006    1
              7460     20180128   3344201WGOOD                          060798006    1
              7460     20180129   3144201WGOOD                          060798006    1
              7460     20180130   3144201WGOOD                          060798006    1
              7460     20180131   3444201WGOOD                          060798006    1
              7460     20180201   3644201WGOOD                          060798006    1
              7460     20180202   3744201WGOOD                          060798006    1
              7460     20180203   4244201WGOOD                          060798006    1
              7460     20180204   3844201WGOOD                          060798006    1
              7460     20180205   4344201WGOOD                          060798006    1
              7460     20180206   3944201WGOOD                          060798006    1
              7460     20180207   4144201WGOOD                          060798006    1
              7460     20180208   4544201WGOOD                          060798006    1
              7460     20180209   4244201WGOOD                          060798006    1
              7460     20180210   3644201WGOOD                          060798006    1
              7460     20180211   3844201WGOOD                          060798006    1
              7460     20180212   3544201WGOOD                          060798006    1
              7460     20180213   3544201WGOOD                          060798006    1
              7460     20180214   3744201WGOOD                          060798006    1
              7460     20180215   3844201WGOOD                          060798006    1
              7460     20180216   4144201WGOOD                          060798006    1
              7460     20180217   4344201WGOOD                          060798006    1
              7460     20180218   3444201WGOOD                          060798006    1
              7460     20180219   3544201WGOOD                          060798006    1
              7460     20180220   3544201WGOOD                          060798006    1
              7460     20180222   3844201WGOOD                          060798006    1
              7460     20180223   3644201WGOOD                          060798006    1
              7460     20180224   4044201WGOOD                          060798006    1
              7460     20180225   3844201WGOOD                          060798006    1
              7460     20180226   3844201WGOOD                          060798006    1
              7460     20180227   3244201WGOOD                          060798006    1
              7460     20180228   3944201WGOOD                          060798006    1
              7460     20180302   3544201WGOOD                          060798006    1
              7460     20180303   3944201WGOOD                          060798006    1
              7460     20180304   3844201WGOOD                          060798006    1
              7460     20180305   3844201WGOOD                          060798006    1
              7460     20180306   4344201WGOOD                          060798006    1
              7460     20180307   4744201WGOOD                          060798006    1
              7460     20180308   3644201WGOOD                          060798006    1
              7460     20180309   3144201WGOOD                          060798006    1
              7460     20180310   2744201WGOOD                          060798006    1
              7460     20180311   3244201WGOOD                          060798006    1
              7460     20180312   3144201WGOOD                          060798006    1
              7460     20180313   3344201WGOOD                          060798006    1
              7460     20180314   3744201WGOOD                          060798006    1
              7460     20180315   4144201WGOOD                          060798006    1
              7460     20180316   3644201WGOOD                          060798006    1
              7460     20180317   3644201WGOOD                          060798006    1
              7460     20180318   3844201WGOOD                          060798006    1
              7460     20180319   4344201WGOOD                          060798006    1
              7460     20180320   3844201WGOOD                          060798006    1
              7460     20180321   2644201WGOOD                          060798006    1
              7460     20180322   3744201WGOOD                          060798006    1
              7460     20180323   3844201WGOOD                          060798006    1
              7460     20180324   4244201WGOOD                          060798006    1
              7460     20180325   4144201WGOOD                          060798006    1
              7460     20180326   4044201WGOOD                          060798006    1
              7460     20180327   4344201WGOOD                          060798006    1
              7460     20180328   4344201WGOOD                          060798006    1
              7460     20180329   4744201WGOOD                          060798006    1
              7460     20180330   4944201WGOOD                          060798006    1
              7460     20180331   4944201WGOOD                          060798006    1
              7460     20180401   4644201WGOOD                          060798006    1
              7460     20180402   3244201WGOOD                          060798006    1
              7460     20180403   4644201WGOOD                          060798006    1
              7460     20180404   4844201WGOOD                          060798006    1
              7460     20180405   4944201WGOOD                          060798006    1
              7460     20180406   3444201WGOOD                          060798006    1
              7460     20180407   3544201WGOOD                          060798006    1
              7460     20180408   4344201WGOOD                          060798006    1
              7460     20180409   4344201WGOOD                          060798006    1
              7460     20180410   4944201WGOOD                          060798006    1
              7460     20180411   4444201WGOOD                          060798006    1
              7460     20180412   4844201WGOOD                          060798006    1
              7460     20180413   4444201WGOOD                          060798006    1
              7460     20180414   5044201WGOOD                          060798006    1
              7460     20180415   4444201WGOOD                          060798006    1
              7460     20180416   4244201WGOOD                          060798006    1
              7460     20180417   4444201WGOOD                          060798006    1
              7460     20180418   4544201WGOOD                          060798006    1
              7460     20180419   4344201WGOOD                          060798006    1
              7460     20180420   4344201WGOOD                          060798006    1
              7460     20180421   5444201WMODERATE                      060798006    1
              7460     20180422   4744201WGOOD                          060798006    1
              7460     20180423   4844201WGOOD                          060798006    1
              7460     20180424   5144201WMODERATE                      060798006    1
              7460     20180425   5044201WGOOD                          060798006    1
              7460     20180426   4444201WGOOD                          060798006    1
              7460     20180427   4444201WGOOD                          060798006    1
              7460     20180428   4444201WGOOD                          060798006    1
              7460     20180429   4144201WGOOD                          060798006    1
              7460     20180430   4044201WGOOD                          060798006    1
              7460     20180501   4344201WGOOD                          060798006    1
              7460     20180502   3844201WGOOD                          060798006    1
              7460     20180504   4944201WGOOD                          060798006    1
              7460     20180505   5044201WGOOD                          060798006    1
              7460     20180506   4844201WGOOD                          060798006    1
              7460     20180507   4644201WGOOD                          060798006    1
              7460     20180508   5844201WMODERATE                      060798006    1
              7460     20180509   3844201WGOOD                          060798006    1
              7460     20180510   4744201WGOOD                          060798006    1
              7460     20180511   5044201WGOOD                          060798006    1
              7460     20180512   4044201WGOOD                          060798006    1
              7460     20180513   3844201WGOOD                          060798006    1
              7460     20180514   3644201WGOOD                          060798006    1
              7460     20180515   3444201WGOOD                          060798006    1
              7460     20180516   3744201WGOOD                          060798006    1
              7460     20180517   4344201WGOOD                          060798006    1
              7460     20180518   4044201WGOOD                          060798006    1
              7460     20180519   4044201WGOOD                          060798006    1
              7460     20180520   3844201WGOOD                          060798006    1
              7460     20180521   3244201WGOOD                          060798006    1
              7460     20180522   3444201WGOOD                          060798006    1
              7460     20180523   3544201WGOOD                          060798006    1
              7460     20180524   3344201WGOOD                          060798006    1
              7460     20180525   3544201WGOOD                          060798006    1
              7460     20180526   3244201WGOOD                          060798006    1
              7460     20180527   3844201WGOOD                          060798006    1
              7460     20180528   4744201WGOOD                          060798006    1
              7460     20180529   5044201WGOOD                          060798006    1
              7460     20180530   3344201WGOOD                          060798006    1
              7460     20180531   3844201WGOOD                          060798006    1
              7460     20180601   4744201WGOOD                          060798006    1
              7460     20180602   7144201WMODERATE                      060798006    1
              7460     20180603   6444201WMODERATE                      060798006    1
              7460     20180604   4544201WGOOD                          060798006    1
              7460     20180605   4744201WGOOD                          060798006    1
              7460     20180606   3944201WGOOD                          060798006    1
              7460     20180607   4244201WGOOD                          060798006    1
              7460     20180608   5444201WMODERATE                      060798006    1
              7460     20180609   3644201WGOOD                          060798006    1
              7460     20180610   4444201WGOOD                          060798006    1
              7460     20180611   4244201WGOOD                          060798006    1
              7460     20180612   6444201WMODERATE                      060798006    1
              7460     20180613   5044201WGOOD                          060798006    1
              7460     20180614   4144201WGOOD                          060798006    1
              7460     20180615   4544201WGOOD                          060798006    1
              7460     20180616   3844201WGOOD                          060798006    1
              7460     20180617   3344201WGOOD                          060798006    1
              7460     20180618   4344201WGOOD                          060798006    1
              7460     20180619   5044201WGOOD                          060798006    1
              7460     20180620   6444201WMODERATE                      060798006    1
              7460     20180621   6744201WMODERATE                      060798006    1
              7460     20180622   6744201WMODERATE                      060798006    1
              7460     20180624   4144201WGOOD                          060798006    1
              7460     20180625   4444201WGOOD                          060798006    1
              7460     20180626   4844201WGOOD                          060798006    1
              7460     20180627   4944201WGOOD                          060798006    1
              7460     20180628   3544201WGOOD                          060798006    1
              7460     20180629   4544201WGOOD                          060798006    1
              7460     20180630   5844201WMODERATE                      060798006    1
              7460     20180701   4444201WGOOD                          060798006    1
              7460     20180702   4144201WGOOD                          060798006    1
              7460     20180703   4344201WGOOD                          060798006    1
              7460     20180704   3244201WGOOD                          060798006    1
              7460     20180705   4744201WGOOD                          060798006    1
              7460     20180706   4844201WGOOD                          060798006    1
              7460     20180707   4444201WGOOD                          060798006    1
              7460     20180708   5844201WMODERATE                      060798006    1
              7460     20180709   6144201WMODERATE                      060798006    1
              7460     20180710   4144201WGOOD                          060798006    1
              7460     20180711   4444201WGOOD                          060798006    1
              7460     20180712   3744201WGOOD                          060798006    1
              7460     20180713   4444201WGOOD                          060798006    1
              7460     20180714   5844201WMODERATE                      060798006    1
              7460     20180715   4644201WGOOD                          060798006    1
              7460     20180716   4644201WGOOD                          060798006    1
              7460     20180717   5844201WMODERATE                      060798006    1
              7460     20180718   6144201WMODERATE                      060798006    1
              7460     20180719   5044201WGOOD                          060798006    1
              7460     20180720   4544201WGOOD                          060798006    1
              7460     20180721   4344201WGOOD                          060798006    1
              7460     20180722   4444201WGOOD                          060798006    1
              7460     20180723   4944201WGOOD                          060798006    1
              7460     20180724   5144201WMODERATE                      060798006    1
              7460     20180725   4944201WGOOD                          060798006    1
              7460     20180726   5444201WMODERATE                      060798006    1
              7460     20180727   6444201WMODERATE                      060798006    1
              7460     20180728   7744201WMODERATE                      060798006    1
              7460     20180729  10044201WMODERATE                      060798006    1
              7460     20180730   4544201WGOOD                          060798006    1
              7460     20180731   9344201WMODERATE                      060798006    1
              7460     20180801   4944201WGOOD                          060798006    1
              7460     20180802   4944201WGOOD                          060798006    1
              7460     20180803   5444201WMODERATE                      060798006    1
              7460     20180804  10144201WUNHEALTHY FOR SENSITIVE       060798006    1
              7460     20180805   4444201WGOOD                          060798006    1
              7460     20180806   9744201WMODERATE                      060798006    1
              7460     20180807  13344201WUNHEALTHY FOR SENSITIVE       060798006    1
              7460     20180808  10044201WMODERATE                      060798006    1
              7460     20180809  11544201WUNHEALTHY FOR SENSITIVE       060798006    1
              7460     20180810   4844201WGOOD                          060798006    1
              7460     20180811   4544201WGOOD                          060798006    1
              7460     20180812   4144201WGOOD                          060798006    1
              7460     20180813   4044201WGOOD                          060798006    1
              7460     20180814   5044201WGOOD                          060798006    1
              7460     20180815   5844201WMODERATE                      060798006    1
              7460     20180816   6444201WMODERATE                      060798006    1
              7460     20180817   6144201WMODERATE                      060798006    1
              7460     20180818   5044201WGOOD                          060798006    1
              7460     20180819   5044201WGOOD                          060798006    1
              7460     20180820   4344201WGOOD                          060798006    1
              7460     20180821   4344201WGOOD                          060798006    1
              7460     20180822   4244201WGOOD                          060798006    1
              7460     20180823   4244201WGOOD                          060798006    1
              7460     20180824   6144201WMODERATE                      060798006    1
              7460     20180825   7444201WMODERATE                      060798006    1
              7460     20180826   5144201WMODERATE                      060798006    1
              7460     20180827   3344201WGOOD                          060798006    1
              7460     20180828   3044201WGOOD                          060798006    1
              7460     20180829   3444201WGOOD                          060798006    1
              7460     20180830   4244201WGOOD                          060798006    1
              7460     20180831   5044201WGOOD                          060798006    1
              7460     20180901   4844201WGOOD                          060798006    1
              7460     20180902   4944201WGOOD                          060798006    1
              7460     20180903   5144201WMODERATE                      060798006    1
              7460     20180904   6144201WMODERATE                      060798006    1
              7460     20180905   5044201WGOOD                          060798006    1
              7460     20180906   5844201WMODERATE                      060798006    1
              7460     20180907   4544201WGOOD                          060798006    1
              7460     20180908   5144201WMODERATE                      060798006    1
              7460     20180909   4544201WGOOD                          060798006    1
              7460     20180910   6144201WMODERATE                      060798006    1
              7460     20180911   5444201WMODERATE                      060798006    1
              7460     20180912   4344201WGOOD                          060798006    1
              7460     20180913   4144201WGOOD                          060798006    1
              7460     20180914   4444201WGOOD                          060798006    1
              7460     20180915   4444201WGOOD                          060798006    1
              7460     20180916   4244201WGOOD                          060798006    1
              7460     20180917   4444201WGOOD                          060798006    1
              7460     20180918   4944201WGOOD                          060798006    1
              7460     20180919   5844201WMODERATE                      060798006    1
              7460     20180920   6444201WMODERATE                      060798006    1
              7460     20180921   5444201WMODERATE                      060798006    1
              7460     20180922   4044201WGOOD                          060798006    1
              7460     20180923   4844201WGOOD                          060798006    1
              7460     20180924   4444201WGOOD                          060798006    1
              7460     20180925   5844201WMODERATE                      060798006    1
              7460     20180926   5144201WMODERATE                      060798006    1
              7460     20180927   5844201WMODERATE                      060798006    1
              7460     20180928   3944201WGOOD                          060798006    1
              7460     20180929   3544201WGOOD                          060798006    1
              7460     20180930   3944201WGOOD                          060798006    1
              7460     20181001   3144201WGOOD                          060798006    1
              7460     20181002   3044201WGOOD                          060798006    1
              7460     20181003   2044201WGOOD                          060798006    1
              7460     20181004   3044201WGOOD                          060798006    1
              7460     20181005   4144201WGOOD                          060798006    1
              7460     20181009   4044201WGOOD                          060798006    1
              7460     20181010   3644201WGOOD                          060798006    1
              7460     20181012   4644201WGOOD                          060798006    1
              7460     20181013   4244201WGOOD                          060798006    1
              7460     20181014   4744201WGOOD                          060798006    1
              7460     20181015   4444201WGOOD                          060798006    1
              7460     20181016   4844201WGOOD                          060798006    1
              7460     20181017   4544201WGOOD                          060798006    1
              7460     20181018   4844201WGOOD                          060798006    1
              7460     20181019   5044201WGOOD                          060798006    1
              7460     20181020   4444201WGOOD                          060798006    1
              7460     20181021   5044201WGOOD                          060798006    1
              7460     20181022   4844201WGOOD                          060798006    1
              7460     20181023   5144201WMODERATE                      060798006    1
              7460     20181024   4844201WGOOD                          060798006    1
              7460     20181025   5044201WGOOD                          060798006    1
              7460     20181026   4444201WGOOD                          060798006    1
              7460     20181027   4444201WGOOD                          060798006    1
              7460     20181028   4844201WGOOD                          060798006    1
              7460     20181029   3444201WGOOD                          060798006    1
              7460     20181030   3344201WGOOD                          060798006    1
              7460     20181031   4044201WGOOD                          060798006    1
              7460     20181101   4244201WGOOD                          060798006    1
              7460     20181102   4444201WGOOD                          060798006    1
              7460     20181103   4044201WGOOD                          060798006    1
              7460     20181104   4444201WGOOD                          060798006    1
              7460     20181105   4244201WGOOD                          060798006    1
              7460     20181106   4144201WGOOD                          060798006    1
              7460     20181107   4444201WGOOD                          060798006    1
              7460     20181108   3744201WGOOD                          060798006    1
              7460     20181109   4344201WGOOD                          060798006    1
              7460     20181110   4144201WGOOD                          060798006    1
              7460     20181111   4344201WGOOD                          060798006    1
              7460     20181112   3844201WGOOD                          060798006    1
              7460     20181114   4244201WGOOD                          060798006    1
              7460     20181115   4144201WGOOD                          060798006    1
              7460     20181116   3944201WGOOD                          060798006    1
              7460     20181117   4344201WGOOD                          060798006    1
              7460     20181118   4744201WGOOD                          060798006    1
              7460     20181119   4044201WGOOD                          060798006    1
              7460     20181120   4144201WGOOD                          060798006    1
              7460     20181126   3244201WGOOD                          060798006    1
              7460     20181127   3344201WGOOD                          060798006    1
              7460     20181128   3144201WGOOD                          060798006    1
              7460     20181129   3444201WGOOD                          060798006    1
              7460     20181130   3044201WGOOD                          060798006    1
              7460     20181201   3144201WGOOD                          060798006    1
              7460     20181202   3044201WGOOD                          060798006    1
              7460     20181203   3144201WGOOD                          060798006    1
              7460     20181204   3244201WGOOD                          060798006    1
              7460     20181205   2744201WGOOD                          060798006    1
              7460     20181206   2544201WGOOD                          060798006    1
              7460     20181207   3044201WGOOD                          060798006    1
              7460     20181208   2844201WGOOD                          060798006    1
              7460     20181209   2644201WGOOD                          060798006    1
              7460     20181210   2344201WGOOD                          060798006    1
              7460     20181211   2744201WGOOD                          060798006    1
              7460     20181212   2844201WGOOD                          060798006    1
              7460     20181213   2644201WGOOD                          060798006    1
              7460     20181214   2944201WGOOD                          060798006    1
              7460     20181215   2844201WGOOD                          060798006    1
              7460     20181216   3144201WGOOD                          060798006    1
              7460     20181217   2944201WGOOD                          060798006    1
              7460     20181218   3044201WGOOD                          060798006    1
              7460     20181219   2644201WGOOD                          060798006    1
              7460     20181220   2844201WGOOD                          060798006    1
              7460     20181221   3244201WGOOD                          060798006    1
              7460     20181222   2444201WGOOD                          060798006    1
              7460     20181223   2344201WGOOD                          060798006    1
              7460     20181224   3044201WGOOD                          060798006    1
              7460     20181225   2944201WGOOD                          060798006    1
              7460     20181226   2744201WGOOD                          060798006    1
              7460     20181227   2744201WGOOD                          060798006    1
              7460     20181228   2644201WGOOD                          060798006    1
              7460     20181229   2944201WGOOD                          060798006    1
              7460     20181230   3044201WGOOD                          060798006    1
              7460     20181231   2744201WGOOD                          060798006    1
# 347 records written to the file
