# STATE_CODE(1,2); COUNTY_CODE(3,3); CITY_CODE(6,5); UAR_CODE(11,4); MSA_CODE(15,4); CBSA_CODE (19,5); AQI_DATE(24,8); AQI_VALUE1(32,5); PARAMETER_CODE1(37,5); DURATION_CODE1(42,1); AQI_CATEGORY(43,30); MAX_AQI_SITE_ID1(73,9); NUM_SITES1(82,5); AQI_VALUE2(87, 5); PARAMETER_CODE2(92, 5); DURATION_CODE2(97, 1); MAX_AQI_SITE_ID2(98, 9); NUM_SITES2(107, 5); AQI_VALUE3(112, 5); PARAMETER_CODE3(117, 5); DURATION_CODE3(122, 1); MAX_AQI_SITE_ID3(123, 9); NUM_SITES3(132, 5); AQI_VALUE4(137, 5); PARAMETER_CODE4(142, 5); DURATION_CODE4(147, 1); MAX_AQI_SITE_ID4(148, 9); NUM_SITES4(157, 5); AQI_VALUE5(162, 5); PARAMETER_CODE5(167, 5); DURATION_CODE5(172, 1); MAX_AQI_SITE_ID5(173, 9); NUM_SITES5(182, 5); AQI_VALUE6(187, 5); PARAMETER_CODE6(192, 5); DURATION_CODE6(197, 1); MAX_AQI_SITE_ID6(198, 9); NUM_SITES6(207, 5); AQI_VALUE7(212, 5); PARAMETER_CODE7(217, 5); DURATION_CODE7(222, 1); MAX_AQI_SITE_ID7(223, 9); NUM_SITES7(232, 5); AQI_VALUE8(237, 5); PARAMETER_CODE8(242, 5); DURATION_CODE8(247, 1); MAX_AQI_SITE_ID8(248, 9); NUM_SITES8(257, 5)
              7460     20180101   43881017GOOD                          060792007    1   26811027060792007    1
              7460     20180102   49881017GOOD                          060792007    1   44811027060792007    1
              7460     20180103   41811027GOOD                          060792007    1   33881017060792007    1
              7460     20180104    9811027GOOD                          060792007    1    9881017060792007    1
              7460     20180105    6811027GOOD                          060792007    1    2881017060792007    1
              7460     20180106   15881017GOOD                          060792007    1   13811027060792007    1
              7460     20180107   15881017GOOD                          060792007    1   14811027060792007    1
              7460     20180108    9811027GOOD                          060792007    1    4881017060792007    1
              7460     20180109   12881017GOOD                          060792007    1   11811027060792007    1
              7460     20180110   53811027MODERATE                      060792007    1   25881017060792007    1
              7460     20180111   25811027GOOD                          060792007    1   22881017060792007    1
              7460     20180112   29881017GOOD                          060792007    1   16811027060792007    1
              7460     20180113   47881017GOOD                          060792007    1   32811027060792007    1
              7460     20180114   23881017GOOD                          060792007    1   22811027060792007    1
              7460     20180115   24881017GOOD                          060792007    1
              7460     20180116   30881017GOOD                          060792007    1
              7460     20180117   25881017GOOD                          060792007    1   13811027060792007    1
              7460     20180118   17811027GOOD                          060792007    1   17881017060792007    1
              7460     20180119   19811027GOOD                          060792007    1   18881017060792007    1
              7460     20180120   40881017GOOD                          060792007    1   37811027060792007    1
              7460     20180121   40881017GOOD                          060792007    1
              7460     20180122   36881017GOOD                          060792007    1
              7460     20180123   25881017GOOD                          060792007    1   15811027060792007    1
              7460     20180124   36881017GOOD                          060792007    1   19811027060792007    1
              7460     20180125   30881017GOOD                          060792007    1   15811027060792007    1
              7460     20180126   23881017GOOD                          060792007    1    8811027060792007    1
              7460     20180127   32881017GOOD                          060792007    1    6811027060792007    1
              7460     20180128   34881017GOOD                          060792007    1   16811027060792007    1
              7460     20180129   35881017GOOD                          060792007    1   31811027060792007    1
              7460     20180130   35881017GOOD                          060792007    1   25811027060792007    1
              7460     20180131   35881017GOOD                          060792007    1   26811027060792007    1
              7460     20180201   30881017GOOD                          060792007    1   21811027060792007    1
              7460     20180202   42881017GOOD                          060792007    1   31811027060792007    1
              7460     20180203   51881017MODERATE                      060792007    1   28811027060792007    1
              7460     20180204   45881017GOOD                          060792007    1   19811027060792007    1
              7460     20180205   56881017MODERATE                      060792007    1   28811027060792007    1
              7460     20180206   59881017MODERATE                      060792007    1   23811027060792007    1
              7460     20180207   51881017MODERATE                      060792007    1   15811027060792007    1
              7460     20180208   45881017GOOD                          060792007    1   27811027060792007    1
              7460     20180209   56881017MODERATE                      060792007    1   51811027060792007    1
              7460     20180210   63881017MODERATE                      060792007    1   57811027060792007    1
              7460     20180211   44881017GOOD                          060792007    1   32811027060792007    1
              7460     20180212   41881017GOOD                          060792007    1   26811027060792007    1
              7460     20180213   48881017GOOD                          060792007    1   15811027060792007    1
              7460     20180214   38881017GOOD                          060792007    1   15811027060792007    1
              7460     20180215   36881017GOOD                          060792007    1   11811027060792007    1
              7460     20180216   39811027GOOD                          060792007    1
              7460     20180217   37811027GOOD                          060792007    1
              7460     20180218   60811027MODERATE                      060792007    1
              7460     20180219   60811027MODERATE                      060792007    1
              7460     20180220   31811027GOOD                          060792007    1
              7460     20180221   26881017GOOD                          060792007    1   17811027060792007    1
              7460     20180222   40881017GOOD                          060792007    1   34811027060792007    1
              7460     20180223   50881017GOOD                          060792007    1   43811027060792007    1
              7460     20180224   57881017MODERATE                      060792007    1   51811027060792007    1
              7460     20180225   34881017GOOD                          060792007    1   24811027060792007    1
              7460     20180226   18881017GOOD                          060792007    1   10811027060792007    1
              7460     20180227   18881017GOOD                          060792007    1    8811027060792007    1
              7460     20180228   30881017GOOD                          060792007    1   14811027060792007    1
              7460     20180301    8881017GOOD                          060792007    1    6811027060792007    1
              7460     20180302    9881017GOOD                          060792007    1    6811027060792007    1
              7460     20180303    9881017GOOD                          060792007    1    6811027060792007    1
              7460     20180304   17811027GOOD                          060792007    1   17881017060792007    1
              7460     20180305   15881017GOOD                          060792007    1    6811027060792007    1
              7460     20180306   24881017GOOD                          060792007    1   16811027060792007    1
              7460     20180307   31881017GOOD                          060792007    1   18811027060792007    1
              7460     20180308   36881017GOOD                          060792007    1   26811027060792007    1
              7460     20180309    7811027GOOD                          060792007    1    0881017060792007    1
              7460     20180310    8881017GOOD                          060792007    1    7811027060792007    1
              7460     20180311    8881017GOOD                          060792007    1    6811027060792007    1
              7460     20180312    7811027GOOD                          060792007    1    6881017060792007    1
              7460     20180313    1811027GOOD                          060792007    1
              7460     20180314    8811027GOOD                          060792007    1    3881017060792007    1
              7460     20180315   19811027GOOD                          060792007    1   16881017060792007    1
              7460     20180316    5811027GOOD                          060792007    1    3881017060792007    1
              7460     20180317   13881017GOOD                          060792007    1    9811027060792007    1
              7460     20180318   14881017GOOD                          060792007    1   13811027060792007    1
              7460     20180319   12881017GOOD                          060792007    1    7811027060792007    1
              7460     20180320    5811027GOOD                          060792007    1    3881017060792007    1
              7460     20180321    1811027GOOD                          060792007    1    0881017060792007    1
              7460     20180322    7811027GOOD                          060792007    1    0881017060792007    1
              7460     20180323   46811027GOOD                          060792007    1   32881017060792007    1
              7460     20180324   17881017GOOD                          060792007    1   15811027060792007    1
              7460     20180325   50811027GOOD                          060792007    1   44881017060792007    1
              7460     20180326   53811027MODERATE                      060792007    1   51881017060792007    1
              7460     20180327   26881017GOOD                          060792007    1   21811027060792007    1
              7460     20180328   24881017GOOD                          060792007    1   16811027060792007    1
              7460     20180329   12881017GOOD                          060792007    1    9811027060792007    1
              7460     20180330   22881017GOOD                          060792007    1   18811027060792007    1
              7460     20180331    8881017GOOD                          060792007    1    7811027060792007    1
              7460     20180401   24881017GOOD                          060792007    1   15811027060792007    1
              7460     20180402   45811027GOOD                          060792007    1   37881017060792007    1
              7460     20180403   27881017GOOD                          060792007    1   20811027060792007    1
              7460     20180404   29881017GOOD                          060792007    1   25811027060792007    1
              7460     20180405   41811027GOOD                          060792007    1   39881017060792007    1
              7460     20180406   16811027GOOD                          060792007    1   16881017060792007    1
              7460     20180407   25881017GOOD                          060792007    1   19811027060792007    1
              7460     20180408   67811027MODERATE                      060792007    1   58881017060792007    1
              7460     20180409   29881017GOOD                          060792007    1   26811027060792007    1
              7460     20180410   34881017GOOD                          060792007    1   31811027060792007    1
              7460     20180411   50811027GOOD                          060792007    1   45881017060792007    1
              7460     20180412   62811027MODERATE                      060792007    1   59881017060792007    1
              7460     20180413   52881017MODERATE                      060792007    1   44811027060792007    1
              7460     20180414   39881017GOOD                          060792007    1   36811027060792007    1
              7460     20180415   50881017GOOD                          060792007    1   40811027060792007    1
              7460     20180416   17881017GOOD                          060792007    1    7811027060792007    1
              7460     20180417   43811027GOOD                          060792007    1   35881017060792007    1
              7460     20180418   32881017GOOD                          060792007    1   29811027060792007    1
              7460     20180419   36811027GOOD                          060792007    1   35881017060792007    1
              7460     20180420   48881017GOOD                          060792007    1   36811027060792007    1
              7460     20180421   33881017GOOD                          060792007    1   26811027060792007    1
              7460     20180422   50881017GOOD                          060792007    1   33811027060792007    1
              7460     20180423   26881017GOOD                          060792007    1   13811027060792007    1
              7460     20180424   28881017GOOD                          060792007    1   11811027060792007    1
              7460     20180425   34881017GOOD                          060792007    1   15811027060792007    1
              7460     20180426   33881017GOOD                          060792007    1   19811027060792007    1
              7460     20180427   71811027MODERATE                      060792007    1   68881017060792007    1
              7460     20180428   68811027MODERATE                      060792007    1   64881017060792007    1
              7460     20180429   63811027MODERATE                      060792007    1   59881017060792007    1
              7460     20180430   64811027MODERATE                      060792007    1   64881017060792007    1
              7460     20180501   50881017GOOD                          060792007    1   32811027060792007    1
              7460     20180502   28881017GOOD                          060792007    1   19811027060792007    1
              7460     20180503   48881017GOOD                          060792007    1   32811027060792007    1
              7460     20180504   39881017GOOD                          060792007    1   15811027060792007    1
              7460     20180505   38881017GOOD                          060792007    1   16811027060792007    1
              7460     20180506   35881017GOOD                          060792007    1   18811027060792007    1
              7460     20180507   72881017MODERATE                      060792007    1   57811027060792007    1
              7460     20180508   44881017GOOD                          060792007    1   23811027060792007    1
              7460     20180509   80881017MODERATE                      060792007    1   61811027060792007    1
              7460     20180510   88881017MODERATE                      060792007    1   66811027060792007    1
              7460     20180511   21811027GOOD                          060792007    1
              7460     20180512   30811027GOOD                          060792007    1
              7460     20180513   22811027GOOD                          060792007    1
              7460     20180514   13811027GOOD                          060792007    1
              7460     20180515    7811027GOOD                          060792007    1
              7460     20180516   27811027GOOD                          060792007    1
              7460     20180517   70811027MODERATE                      060792007    1
              7460     20180518   40811027GOOD                          060792007    1
              7460     20180519   52811027MODERATE                      060792007    1
              7460     20180520   52811027MODERATE                      060792007    1
              7460     20180521   22811027GOOD                          060792007    1
              7460     20180522    7811027GOOD                          060792007    1
              7460     20180523    6811027GOOD                          060792007    1
              7460     20180524   10811027GOOD                          060792007    1
              7460     20180525   10811027GOOD                          060792007    1
              7460     20180526   70811027MODERATE                      060792007    1   68881017060792007    1
              7460     20180527   48881017GOOD                          060792007    1   46811027060792007    1
              7460     20180528    6811027GOOD                          060792007    1    5881017060792007    1
              7460     20180529    9881017GOOD                          060792007    1    5811027060792007    1
              7460     20180530   25881017GOOD                          060792007    1   21811027060792007    1
              7460     20180531   61881017MODERATE                      060792007    1   58811027060792007    1
              7460     20180601   68811027MODERATE                      060792007    1   68881017060792007    1
              7460     20180602   36881017GOOD                          060792007    1   33811027060792007    1
              7460     20180603   26881017GOOD                          060792007    1   21811027060792007    1
              7460     20180604   32881017GOOD                          060792007    1   23811027060792007    1
              7460     20180605   46811027GOOD                          060792007    1   44881017060792007    1
              7460     20180606   51881017MODERATE                      060792007    1   39811027060792007    1
              7460     20180607   58881017MODERATE                      060792007    1   53811027060792007    1
              7460     20180608   80881017MODERATE                      060792007    1   76811027060792007    1
              7460     20180609   80881017MODERATE                      060792007    1   77811027060792007    1
              7460     20180610   88881017MODERATE                      060792007    1   81811027060792007    1
              7460     20180611   70881017MODERATE                      060792007    1   65811027060792007    1
              7460     20180612   10811027GOOD                          060792007    1   10881017060792007    1
              7460     20180613   25881017GOOD                          060792007    1   16811027060792007    1
              7460     20180614   20881017GOOD                          060792007    1   17811027060792007    1
              7460     20180615   18881017GOOD                          060792007    1   14811027060792007    1
              7460     20180616   18881017GOOD                          060792007    1   14811027060792007    1
              7460     20180617   23881017GOOD                          060792007    1   20811027060792007    1
              7460     20180618   54881017MODERATE                      060792007    1   49811027060792007    1
              7460     20180619   26881017GOOD                          060792007    1   25811027060792007    1
              7460     20180620   26881017GOOD                          060792007    1   21811027060792007    1
              7460     20180621   23881017GOOD                          060792007    1   20811027060792007    1
              7460     20180622   24881017GOOD                          060792007    1   20811027060792007    1
              7460     20180623   32881017GOOD                          060792007    1   24811027060792007    1
              7460     20180624   17811027GOOD                          060792007    1   12881017060792007    1
              7460     20180625   14811027GOOD                          060792007    1    8881017060792007    1
              7460     20180626   12811027GOOD                          060792007    1   12881017060792007    1
              7460     20180627   20881017GOOD                          060792007    1   18811027060792007    1
              7460     20180628   56881017MODERATE                      060792007    1   50811027060792007    1
              7460     20180629   28881017GOOD                          060792007    1   24811027060792007    1
              7460     20180630   37881017GOOD                          060792007    1   28811027060792007    1
              7460     20180701   18811027GOOD                          060792007    1   13881017060792007    1
              7460     20180702   10811027GOOD                          060792007    1    9881017060792007    1
              7460     20180703   11811027GOOD                          060792007    1    7881017060792007    1
              7460     20180704   23881017GOOD                          060792007    1   19811027060792007    1
              7460     20180705   25881017GOOD                          060792007    1   23811027060792007    1
              7460     20180706   82811027MODERATE                      060792007    1   73881017060792007    1
              7460     20180707   80811027MODERATE                      060792007    1   73881017060792007    1
              7460     20180708   57881017MODERATE                      060792007    1   46811027060792007    1
              7460     20180709   48881017GOOD                          060792007    1   38811027060792007    1
              7460     20180710   40881017GOOD                          060792007    1   33811027060792007    1
              7460     20180711    8811027GOOD                          060792007    1
              7460     20180712    6811027GOOD                          060792007    1
              7460     20180713    6811027GOOD                          060792007    1
              7460     20180714   31811027GOOD                          060792007    1
              7460     20180715   19811027GOOD                          060792007    1
              7460     20180716    8811027GOOD                          060792007    1
              7460     20180717    8811027GOOD                          060792007    1
              7460     20180718    5811027GOOD                          060792007    1
              7460     20180719    8811027GOOD                          060792007    1
              7460     20180720    6811027GOOD                          060792007    1
              7460     20180721    5811027GOOD                          060792007    1
              7460     20180722    9811027GOOD                          060792007    1
              7460     20180723   56811027MODERATE                      060792007    1
              7460     20180724   46811027GOOD                          060792007    1
              7460     20180725   28811027GOOD                          060792007    1
              7460     20180726   21881017GOOD                          060792007    1   19811027060792007    1
              7460     20180727   15811027GOOD                          060792007    1   15881017060792007    1
              7460     20180728    7811027GOOD                          060792007    1    0881017060792007    1
              7460     20180729    6811027GOOD                          060792007    1    0881017060792007    1
              7460     20180730    4811027GOOD                          060792007    1    0881017060792007    1
              7460     20180731    6811027GOOD                          060792007    1    0881017060792007    1
              7460     20180801    9811027GOOD                          060792007    1    0881017060792007    1
              7460     20180802   15811027GOOD                          060792007    1    4881017060792007    1
              7460     20180803   13811027GOOD                          060792007    1    4881017060792007    1
              7460     20180804   20811027GOOD                          060792007    1   13881017060792007    1
              7460     20180805   33811027GOOD                          060792007    1   16881017060792007    1
              7460     20180806   78811027MODERATE                      060792007    1   70881017060792007    1
              7460     20180807   40811027GOOD                          060792007    1   34881017060792007    1
              7460     20180808    6811027GOOD                          060792007    1    0881017060792007    1
              7460     20180809   10881017GOOD                          060792007    1    8811027060792007    1
              7460     20180810   23881017GOOD                          060792007    1   13811027060792007    1
              7460     20180811   27881017GOOD                          060792007    1   14811027060792007    1
              7460     20180812   37881017GOOD                          060792007    1    9811027060792007    1
              7460     20180813   30881017GOOD                          060792007    1    5811027060792007    1
              7460     20180814   36881017GOOD                          060792007    1   10811027060792007    1
              7460     20180815   52881017MODERATE                      060792007    1   19811027060792007    1
              7460     20180816   63881017MODERATE                      060792007    1   19811027060792007    1
              7460     20180817   69881017MODERATE                      060792007    1   29811027060792007    1
              7460     20180818   64881017MODERATE                      060792007    1   22811027060792007    1
              7460     20180819   65881017MODERATE                      060792007    1   21811027060792007    1
              7460     20180820   74881017MODERATE                      060792007    1   23811027060792007    1
              7460     20180821   63881017MODERATE                      060792007    1   19811027060792007    1
              7460     20180822   69881017MODERATE                      060792007    1   21811027060792007    1
              7460     20180823  114881017UNHEALTHY FOR SENSITIVE       060792007    1   50811027060792007    1
              7460     20180824  129881017UNHEALTHY FOR SENSITIVE       060792007    1   55811027060792007    1
              7460     20180825   70881017MODERATE                      060792007    1   28811027060792007    1
              7460     20180826   58881017MODERATE                      060792007    1   19811027060792007    1
              7460     20180827   51881017MODERATE                      060792007    1   14811027060792007    1
              7460     20180828   45881017GOOD                          060792007    1   18811027060792007    1
              7460     20180829   49881017GOOD                          060792007    1   23811027060792007    1
              7460     20180830   73881017MODERATE                      060792007    1   53811027060792007    1
              7460     20180831   98881017MODERATE                      060792007    1   81811027060792007    1
              7460     20180901   81881017MODERATE                      060792007    1   69811027060792007    1
              7460     20180902   54881017MODERATE                      060792007    1   25811027060792007    1
              7460     20180903   40881017GOOD                          060792007    1    8811027060792007    1
              7460     20180904   39881017GOOD                          060792007    1    7811027060792007    1
              7460     20180905   34881017GOOD                          060792007    1    6811027060792007    1
              7460     20180906   47881017GOOD                          060792007    1   11811027060792007    1
              7460     20180907   50881017GOOD                          060792007    1   19811027060792007    1
              7460     20180908   56881017MODERATE                      060792007    1   37811027060792007    1
              7460     20180909   48881017GOOD                          060792007    1   25811027060792007    1
              7460     20180910   43881017GOOD                          060792007    1   14811027060792007    1
              7460     20180911   39881017GOOD                          060792007    1   19811027060792007    1
              7460     20180912   50881017GOOD                          060792007    1   32811027060792007    1
              7460     20180913   55881017MODERATE                      060792007    1   53811027060792007    1
              7460     20180914   32881017GOOD                          060792007    1   29811027060792007    1
              7460     20180915   59811027MODERATE                      060792007    1   59881017060792007    1
              7460     20180916   31811027GOOD                          060792007    1   31881017060792007    1
              7460     20180917   26811027GOOD                          060792007    1
              7460     20180918   38811027GOOD                          060792007    1
              7460     20180919   52811027MODERATE                      060792007    1
              7460     20180920   38811027GOOD                          060792007    1
              7460     20180921   16811027GOOD                          060792007    1
              7460     20180922   22881017GOOD                          060792007    1    7811027060792007    1
              7460     20180923   28881017GOOD                          060792007    1    7811027060792007    1
              7460     20180924   31881017GOOD                          060792007    1   15811027060792007    1
              7460     20180925   31881017GOOD                          060792007    1   19811027060792007    1
              7460     20180926   40881017GOOD                          060792007    1   20811027060792007    1
              7460     20180927   30881017GOOD                          060792007    1    9811027060792007    1
              7460     20180928   28881017GOOD                          060792007    1   12811027060792007    1
              7460     20180929   26881017GOOD                          060792007    1   18811027060792007    1
              7460     20180930   13881017GOOD                          060792007    1   10811027060792007    1
              7460     20181001   11811027GOOD                          060792007    1   11881017060792007    1
              7460     20181002   14881017GOOD                          060792007    1    9811027060792007    1
              7460     20181003    8881017GOOD                          060792007    1    6811027060792007    1
              7460     20181004    5881017GOOD                          060792007    1    4811027060792007    1
              7460     20181005   55811027MODERATE                      060792007    1   45881017060792007    1
              7460     20181006   59811027MODERATE                      060792007    1   54881017060792007    1
              7460     20181007   40881017GOOD                          060792007    1   39811027060792007    1
              7460     20181008   28881017GOOD                          060792007    1   27811027060792007    1
              7460     20181009   28881017GOOD                          060792007    1   17811027060792007    1
              7460     20181010   20881017GOOD                          060792007    1   12811027060792007    1
              7460     20181011   14881017GOOD                          060792007    1   11811027060792007    1
              7460     20181012   28811027GOOD                          060792007    1   26881017060792007    1
              7460     20181013   26881017GOOD                          060792007    1   19811027060792007    1
              7460     20181014   25881017GOOD                          060792007    1   14811027060792007    1
              7460     20181015   26811027GOOD                          060792007    1   24881017060792007    1
              7460     20181016   49811027GOOD                          060792007    1   35881017060792007    1
              7460     20181017   23881017GOOD                          060792007    1   20811027060792007    1
              7460     20181018   30881017GOOD                          060792007    1   20811027060792007    1
              7460     20181019   45881017GOOD                          060792007    1   44811027060792007    1
              7460     20181020   43881017GOOD                          060792007    1   39811027060792007    1
              7460     20181021   41881017GOOD                          060792007    1   20811027060792007    1
              7460     20181022   42881017GOOD                          060792007    1   24811027060792007    1
              7460     20181023   41811027GOOD                          060792007    1   38881017060792007    1
              7460     20181024   40811027GOOD                          060792007    1   37881017060792007    1
              7460     20181025   37811027GOOD                          060792007    1   34881017060792007    1
              7460     20181026   31811027GOOD                          060792007    1   28881017060792007    1
              7460     20181027   23881017GOOD                          060792007    1   20811027060792007    1
              7460     20181028   37811027GOOD                          060792007    1   30881017060792007    1
              7460     20181029   28811027GOOD                          060792007    1    8881017060792007    1
              7460     20181030   43811027GOOD                          060792007    1   27881017060792007    1
              7460     20181031   44811027GOOD                          060792007    1   25881017060792007    1
              7460     20181101   44811027GOOD                          060792007    1   26881017060792007    1
              7460     20181102   41811027GOOD                          060792007    1   36881017060792007    1
              7460     20181103   40811027GOOD                          060792007    1   38881017060792007    1
              7460     20181104   36811027GOOD                          060792007    1   34881017060792007    1
              7460     20181105   35881017GOOD                          060792007    1   32811027060792007    1
              7460     20181106   30881017GOOD                          060792007    1   28811027060792007    1
              7460     20181107   30811027GOOD                          060792007    1   24881017060792007    1
              7460     20181108   34811027GOOD                          060792007    1   22881017060792007    1
              7460     20181109   37811027GOOD                          060792007    1   20881017060792007    1
              7460     20181110   54881017MODERATE                      060792007    1   44811027060792007    1
              7460     20181111   63881017MODERATE                      060792007    1   38811027060792007    1
              7460     20181112   51881017MODERATE                      060792007    1   43811027060792007    1
              7460     20181113   32811027GOOD                          060792007    1   29881017060792007    1
              7460     20181114   38811027GOOD                          060792007    1   35881017060792007    1
              7460     20181115   43811027GOOD                          060792007    1   40881017060792007    1
              7460     20181116   71881017MODERATE                      060792007    1   55811027060792007    1
              7460     20181117   89881017MODERATE                      060792007    1   45811027060792007    1
              7460     20181118   86881017MODERATE                      060792007    1   42811027060792007    1
              7460     20181119   68881017MODERATE                      060792007    1   42811027060792007    1
              7460     20181120   53881017MODERATE                      060792007    1   27811027060792007    1
              7460     20181121   21881017GOOD                          060792007    1   16811027060792007    1
              7460     20181122    9881017GOOD                          060792007    1    8811027060792007    1
              7460     20181123    6811027GOOD                          060792007    1    6881017060792007    1
              7460     20181124   19811027GOOD                          060792007    1   10881017060792007    1
              7460     20181125   17881017GOOD                          060792007    1    9811027060792007    1
              7460     20181126   22881017GOOD                          060792007    1   11811027060792007    1
              7460     20181127   22881017GOOD                          060792007    1   19811027060792007    1
              7460     20181128    3881017GOOD                          060792007    1    1811027060792007    1
              7460     20181129   23881017GOOD                          060792007    1   19811027060792007    1
              7460     20181130   43811027GOOD                          060792007    1   30881017060792007    1
              7460     20181201   11881017GOOD                          060792007    1    8811027060792007    1
              7460     20181202    9811027GOOD                          060792007    1    8881017060792007    1
              7460     20181203   14881017GOOD                          060792007    1    8811027060792007    1
              7460     20181204   10811027GOOD                          060792007    1    6881017060792007    1
              7460     20181205    1811027GOOD                          060792007    1    1881017060792007    1
              7460     20181206    5811027GOOD                          060792007    1    5881017060792007    1
              7460     20181207   16881017GOOD                          060792007    1    9811027060792007    1
              7460     20181208   20881017GOOD                          060792007    1   12811027060792007    1
              7460     20181209   19881017GOOD                          060792007    1    8811027060792007    1
              7460     20181210   10881017GOOD                          060792007    1    7811027060792007    1
              7460     20181211   31881017GOOD                          060792007    1    8811027060792007    1
              7460     20181212   11881017GOOD                          060792007    1    6811027060792007    1
              7460     20181213   35881017GOOD                          060792007    1   24811027060792007    1
              7460     20181214   33881017GOOD                          060792007    1   19811027060792007    1
              7460     20181215   25881017GOOD                          060792007    1   17811027060792007    1
              7460     20181216   15881017GOOD                          060792007    1    6811027060792007    1
              7460     20181217   14881017GOOD                          060792007    1   12811027060792007    1
              7460     20181218    7881017GOOD                          060792007    1    5811027060792007    1
              7460     20181219   20881017GOOD                          060792007    1   17811027060792007    1
              7460     20181220   24881017GOOD                          060792007    1   12811027060792007    1
              7460     20181221   25881017GOOD                          060792007    1   19811027060792007    1
              7460     20181222   32881017GOOD                          060792007    1   12811027060792007    1
              7460     20181223   39881017GOOD                          060792007    1   14811027060792007    1
              7460     20181224   24811027GOOD                          060792007    1   18881017060792007    1
              7460     20181225   13881017GOOD                          060792007    1    7811027060792007    1
              7460     20181226   11881017GOOD                          060792007    1    6811027060792007    1
              7460     20181227    8881017GOOD                          060792007    1    4811027060792007    1
              7460     20181228   10881017GOOD                          060792007    1    4811027060792007    1
              7460     20181229   25881017GOOD                          060792007    1   21811027060792007    1
              7460     20181230   34881017GOOD                          060792007    1   25811027060792007    1
              7460     20181231   19881017GOOD                          060792007    1    6811027060792007    1
# 365 records written to the file
