# STATE_CODE(1,2); COUNTY_CODE(3,3); CITY_CODE(6,5); UAR_CODE(11,4); MSA_CODE(15,4); CBSA_CODE (19,5); AQI_DATE(24,8); AQI_VALUE1(32,5); PARAMETER_CODE1(37,5); DURATION_CODE1(42,1); AQI_CATEGORY(43,30); MAX_AQI_SITE_ID1(73,9); NUM_SITES1(82,5); AQI_VALUE2(87, 5); PARAMETER_CODE2(92, 5); DURATION_CODE2(97, 1); MAX_AQI_SITE_ID2(98, 9); NUM_SITES2(107, 5); AQI_VALUE3(112, 5); PARAMETER_CODE3(117, 5); DURATION_CODE3(122, 1); MAX_AQI_SITE_ID3(123, 9); NUM_SITES3(132, 5); AQI_VALUE4(137, 5); PARAMETER_CODE4(142, 5); DURATION_CODE4(147, 1); MAX_AQI_SITE_ID4(148, 9); NUM_SITES4(157, 5); AQI_VALUE5(162, 5); PARAMETER_CODE5(167, 5); DURATION_CODE5(172, 1); MAX_AQI_SITE_ID5(173, 9); NUM_SITES5(182, 5); AQI_VALUE6(187, 5); PARAMETER_CODE6(192, 5); DURATION_CODE6(197, 1); MAX_AQI_SITE_ID6(198, 9); NUM_SITES6(207, 5); AQI_VALUE7(212, 5); PARAMETER_CODE7(217, 5); DURATION_CODE7(222, 1); MAX_AQI_SITE_ID7(223, 9); NUM_SITES7(232, 5); AQI_VALUE8(237, 5); PARAMETER_CODE8(242, 5); DURATION_CODE8(247, 1); MAX_AQI_SITE_ID8(248, 9); NUM_SITES8(257, 5)
              7460     20180101   48881017GOOD                          060792004    1   22811027060792004    1    0424011060792004    1
              7460     20180102   30881017GOOD                          060792004    1   29811027060792004    1    0424011060792004    1
              7460     20180103   31811027GOOD                          060792004    1   25881017060792004    1    0424011060792004    1
              7460     20180104   13881017GOOD                          060792004    1    8811027060792004    1    0424011060792004    1
              7460     20180105    9881017GOOD                          060792004    1    4811027060792004    1    0424011060792004    1
              7460     20180106   15881017GOOD                          060792004    1    9811027060792004    1    0424011060792004    1
              7460     20180107   15881017GOOD                          060792004    1    9811027060792004    1    0424011060792004    1
              7460     20180108    8811027GOOD                          060792004    1    4881017060792004    1    0424011060792004    1
              7460     20180109    9811027GOOD                          060792004    1    2881017060792004    1    0424011060792004    1
              7460     20180110   44811027GOOD                          060792004    1   30881017060792004    1    0424011060792004    1
              7460     20180111   25881017GOOD                          060792004    1   19811027060792004    1    0424011060792004    1
              7460     20180112   33881017GOOD                          060792004    1   16811027060792004    1    0424011060792004    1
              7460     20180113   51881017MODERATE                      060792004    1   25811027060792004    1    0424011060792004    1
              7460     20180114   22881017GOOD                          060792004    1   19811027060792004    1    0424011060792004    1
              7460     20180115   23881017GOOD                          060792004    1   19811027060792004    1    0424011060792004    1
              7460     20180116   37881017GOOD                          060792004    1   25811027060792004    1    0424011060792004    1
              7460     20180117   38881017GOOD                          060792004    1   12811027060792004    1    0424011060792004    1
              7460     20180118   18881017GOOD                          060792004    1   15811027060792004    1    0424011060792004    1
              7460     20180119   16811027GOOD                          060792004    1    9881017060792004    1    0424011060792004    1
              7460     20180120   25881017GOOD                          060792004    1   24811027060792004    1    0424011060792004    1
              7460     20180121   33881017GOOD                          060792004    1   23811027060792004    1    0424011060792004    1
              7460     20180122   34881017GOOD                          060792004    1   25811027060792004    1    0424011060792004    1
              7460     20180123   30881017GOOD                          060792004    1   14811027060792004    1    0424011060792004    1
              7460     20180124   27881017GOOD                          060792004    1   17811027060792004    1    0424011060792004    1
              7460     20180125   15881017GOOD                          060792004    1   11811027060792004    1    0424011060792004    1
              7460     20180126   21881017GOOD                          060792004    1    9811027060792004    1    0424011060792004    1
              7460     20180127   39881017GOOD                          060792004    1   13811027060792004    1    0424011060792004    1
              7460     20180128   41881017GOOD                          060792004    1   28811027060792004    1    0424011060792004    1
              7460     20180129   25881017GOOD                          060792004    1   22811027060792004    1    0424011060792004    1
              7460     20180130   22811027GOOD                          060792004    1   21881017060792004    1    0424011060792004    1
              7460     20180131   23811027GOOD                          060792004    1   21881017060792004    1    1424011060792004    1
              7460     20180201   24811027GOOD                          060792004    1   24881017060792004    1    0424011060792004    1
              7460     20180202   36881017GOOD                          060792004    1   24811027060792004    1    0424011060792004    1
              7460     20180203   38881017GOOD                          060792004    1   26811027060792004    1    0424011060792004    1
              7460     20180204   35881017GOOD                          060792004    1   17811027060792004    1    0424011060792004    1
              7460     20180205   38881017GOOD                          060792004    1   23811027060792004    1    0424011060792004    1
              7460     20180206   51881017MODERATE                      060792004    1   23811027060792004    1    0424011060792004    1
              7460     20180207   44881017GOOD                          060792004    1   15811027060792004    1    0424011060792004    1
              7460     20180208   31881017GOOD                          060792004    1   26811027060792004    1    0424011060792004    1
              7460     20180209   42811027GOOD                          060792004    1   40881017060792004    1    0424011060792004    1
              7460     20180210   55811027MODERATE                      060792004    1   55881017060792004    1    0424011060792004    1
              7460     20180211   35811027GOOD                          060792004    1   33881017060792004    1    0424011060792004    1
              7460     20180212   21881017GOOD                          060792004    1   19811027060792004    1    0424011060792004    1
              7460     20180213   33881017GOOD                          060792004    1   17811027060792004    1    0424011060792004    1
              7460     20180214   28881017GOOD                          060792004    1   18811027060792004    1    0424011060792004    1
              7460     20180215   39881017GOOD                          060792004    1   19811027060792004    1    0424011060792004    1
              7460     20180216   48881017GOOD                          060792004    1   42811027060792004    1    0424011060792004    1
              7460     20180217   39881017GOOD                          060792004    1   26811027060792004    1    0424011060792004    1
              7460     20180218   52881017MODERATE                      060792004    1   51811027060792004    1    0424011060792004    1
              7460     20180219   51881017MODERATE                      060792004    1   50811027060792004    1    0424011060792004    1
              7460     20180220   38881017GOOD                          060792004    1   25811027060792004    1    0424011060792004    1
              7460     20180221   30881017GOOD                          060792004    1   16811027060792004    1    0424011060792004    1
              7460     20180222   43881017GOOD                          060792004    1   26811027060792004    1    0424011060792004    1
              7460     20180223   52881017MODERATE                      060792004    1   35811027060792004    1    0424011060792004    1
              7460     20180224   52881017MODERATE                      060792004    1   35811027060792004    1    0424011060792004    1
              7460     20180225   45881017GOOD                          060792004    1   30811027060792004    1    0424011060792004    1
              7460     20180226   27881017GOOD                          060792004    1   13811027060792004    1    0424011060792004    1
              7460     20180227   22881017GOOD                          060792004    1   10811027060792004    1    0424011060792004    1
              7460     20180228   29881017GOOD                          060792004    1   16811027060792004    1    0424011060792004    1
              7460     20180301   13881017GOOD                          060792004    1   11811027060792004    1    0424011060792004    1
              7460     20180302   15881017GOOD                          060792004    1   11811027060792004    1    0424011060792004    1
              7460     20180303    9811027GOOD                          060792004    1    8881017060792004    1    0424011060792004    1
              7460     20180304   22881017GOOD                          060792004    1   13811027060792004    1    0424011060792004    1
              7460     20180305    0424011GOOD                          060792004    1
              7460     20180306    0424011GOOD                          060792004    1
              7460     20180307    0424011GOOD                          060792004    1
              7460     20180308    0424011GOOD                          060792004    1
              7460     20180309    0424011GOOD                          060792004    1
              7460     20180310    8881017GOOD                          060792004    1    7811027060792004    1    0424011060792004    1
              7460     20180311    5811027GOOD                          060792004    1    0424011060792004    1    0881017060792004    1
              7460     20180312    6811027GOOD                          060792004    1    0424011060792004    1    0881017060792004    1
              7460     20180313    1811027GOOD                          060792004    1    0424011060792004    1
              7460     20180314    7811027GOOD                          060792004    1    0424011060792004    1    0881017060792004    1
              7460     20180315    9811027GOOD                          060792004    1    3881017060792004    1    0424011060792004    1
              7460     20180316    6811027GOOD                          060792004    1    4881017060792004    1    0424011060792004    1
              7460     20180317    9811027GOOD                          060792004    1    5881017060792004    1    0424011060792004    1
              7460     20180318   10811027GOOD                          060792004    1    7881017060792004    1    0424011060792004    1
              7460     20180319   10881017GOOD                          060792004    1    8811027060792004    1    0424011060792004    1
              7460     20180320    6811027GOOD                          060792004    1    0424011060792004    1    0881017060792004    1
              7460     20180321    2811027GOOD                          060792004    1    0424011060792004    1    0881017060792004    1
              7460     20180322    6811027GOOD                          060792004    1    0424011060792004    1    0881017060792004    1
              7460     20180323   27811027GOOD                          060792004    1   18881017060792004    1    0424011060792004    1
              7460     20180324    9811027GOOD                          060792004    1    8881017060792004    1    0424011060792004    1
              7460     20180325   32811027GOOD                          060792004    1   23881017060792004    1    0424011060792004    1
              7460     20180326   39811027GOOD                          060792004    1   37881017060792004    1    0424011060792004    1
              7460     20180327   17811027GOOD                          060792004    1   15881017060792004    1    0424011060792004    1
              7460     20180328   22881017GOOD                          060792004    1   15811027060792004    1    0424011060792004    1
              7460     20180329    8881017GOOD                          060792004    1    6811027060792004    1    0424011060792004    1
              7460     20180330   19881017GOOD                          060792004    1   14811027060792004    1    0424011060792004    1
              7460     20180331   11881017GOOD                          060792004    1    6811027060792004    1    0424011060792004    1
              7460     20180401   14811027GOOD                          060792004    1    9881017060792004    1    0424011060792004    1
              7460     20180402   31811027GOOD                          060792004    1   24881017060792004    1    0424011060792004    1
              7460     20180403   19811027GOOD                          060792004    1   18881017060792004    1    0424011060792004    1
              7460     20180404   24881017GOOD                          060792004    1   22811027060792004    1    0424011060792004    1
              7460     20180405   31811027GOOD                          060792004    1   30881017060792004    1    0424011060792004    1
              7460     20180406   11811027GOOD                          060792004    1    4881017060792004    1    0424011060792004    1
              7460     20180407   13811027GOOD                          060792004    1   10881017060792004    1    0424011060792004    1
              7460     20180408   64811027MODERATE                      060792004    1   56881017060792004    1    0424011060792004    1
              7460     20180409   37811027GOOD                          060792004    1   21881017060792004    1    0424011060792004    1
              7460     20180410   27811027GOOD                          060792004    1   23881017060792004    1    0424011060792004    1
              7460     20180411   29811027GOOD                          060792004    1   19881017060792004    1    0424011060792004    1
              7460     20180412   59811027MODERATE                      060792004    1   58881017060792004    1    0424011060792004    1
              7460     20180413   54881017MODERATE                      060792004    1   41811027060792004    1    0424011060792004    1
              7460     20180414   41881017GOOD                          060792004    1   32811027060792004    1    0424011060792004    1
              7460     20180415   40881017GOOD                          060792004    1   27811027060792004    1    0424011060792004    1
              7460     20180416    7811027GOOD                          060792004    1    3881017060792004    1    0424011060792004    1
              7460     20180417   32881017GOOD                          060792004    1   30811027060792004    1    0424011060792004    1
              7460     20180418   20881017GOOD                          060792004    1   19811027060792004    1    0424011060792004    1
              7460     20180419   27811027GOOD                          060792004    1   21881017060792004    1    0424011060792004    1
              7460     20180420   41881017GOOD                          060792004    1   35811027060792004    1    0424011060792004    1
              7460     20180421   26881017GOOD                          060792004    1   25811027060792004    1    0424011060792004    1
              7460     20180422   33881017GOOD                          060792004    1   32811027060792004    1    0424011060792004    1
              7460     20180423   18881017GOOD                          060792004    1   15811027060792004    1    0424011060792004    1
              7460     20180424   16881017GOOD                          060792004    1   13811027060792004    1    0424011060792004    1
              7460     20180425   23881017GOOD                          060792004    1   16811027060792004    1    0424011060792004    1
              7460     20180426   27881017GOOD                          060792004    1   18811027060792004    1    0424011060792004    1
              7460     20180427   61881017MODERATE                      060792004    1   60811027060792004    1    0424011060792004    1
              7460     20180428   56811027MODERATE                      060792004    1   52881017060792004    1    0424011060792004    1
              7460     20180429   51811027MODERATE                      060792004    1   46881017060792004    1    0424011060792004    1
              7460     20180430   51811027MODERATE                      060792004    1   48881017060792004    1    0424011060792004    1
              7460     20180501   29881017GOOD                          060792004    1   26811027060792004    1    0424011060792004    1
              7460     20180502   19811027GOOD                          060792004    1   19881017060792004    1    0424011060792004    1
              7460     20180503   30881017GOOD                          060792004    1   25811027060792004    1    0424011060792004    1
              7460     20180504   19881017GOOD                          060792004    1   15811027060792004    1    0424011060792004    1
              7460     20180505   24881017GOOD                          060792004    1   15811027060792004    1    0424011060792004    1
              7460     20180506   15881017GOOD                          060792004    1   13811027060792004    1    0424011060792004    1
              7460     20180507   51811027MODERATE                      060792004    1   51881017060792004    1    0424011060792004    1
              7460     20180508   19811027GOOD                          060792004    1   16881017060792004    1    0424011060792004    1
              7460     20180509   60811027MODERATE                      060792004    1   58881017060792004    1    0424011060792004    1
              7460     20180510   59881017MODERATE                      060792004    1   57811027060792004    1    0424011060792004    1
              7460     20180511   29881017GOOD                          060792004    1   23811027060792004    1    0424011060792004    1
              7460     20180512   42881017GOOD                          060792004    1   31811027060792004    1    0424011060792004    1
              7460     20180513   23881017GOOD                          060792004    1   22811027060792004    1    0424011060792004    1
              7460     20180514   22881017GOOD                          060792004    1   15811027060792004    1    0424011060792004    1
              7460     20180515   10811027GOOD                          060792004    1    3881017060792004    1    0424011060792004    1
              7460     20180516   17811027GOOD                          060792004    1    7881017060792004    1    0424011060792004    1
              7460     20180517   57811027MODERATE                      060792004    1   54881017060792004    1    0424011060792004    1
              7460     20180518   29881017GOOD                          060792004    1   28811027060792004    1    0424011060792004    1
              7460     20180519   47881017GOOD                          060792004    1   43811027060792004    1    0424011060792004    1
              7460     20180520   46881017GOOD                          060792004    1   43811027060792004    1    0424011060792004    1
              7460     20180521   30881017GOOD                          060792004    1   23811027060792004    1    0424011060792004    1
              7460     20180522    9811027GOOD                          060792004    1    5881017060792004    1    0424011060792004    1
              7460     20180523    7811027GOOD                          060792004    1    5881017060792004    1    0424011060792004    1
              7460     20180524   12811027GOOD                          060792004    1    2881017060792004    1    0424011060792004    1
              7460     20180525    7811027GOOD                          060792004    1    1881017060792004    1    0424011060792004    1
              7460     20180526   53811027MODERATE                      060792004    1   43881017060792004    1    0424011060792004    1
              7460     20180527   38881017GOOD                          060792004    1   29811027060792004    1    0424011060792004    1
              7460     20180528   16881017GOOD                          060792004    1    7811027060792004    1    0424011060792004    1
              7460     20180529    6811027GOOD                          060792004    1    5881017060792004    1    0424011060792004    1
              7460     20180530   23881017GOOD                          060792004    1   19811027060792004    1    0424011060792004    1
              7460     20180531   48881017GOOD                          060792004    1   45811027060792004    1    0424011060792004    1
              7460     20180601   60811027MODERATE                      060792004    1   60881017060792004    1    0424011060792004    1
              7460     20180602   34811027GOOD                          060792004    1   33881017060792004    1    0424011060792004    1
              7460     20180603   22881017GOOD                          060792004    1   19811027060792004    1    0424011060792004    1
              7460     20180604   29881017GOOD                          060792004    1   20811027060792004    1    0424011060792004    1
              7460     20180605   38811027GOOD                          060792004    1   38881017060792004    1    0424011060792004    1
              7460     20180606   39881017GOOD                          060792004    1   29811027060792004    1    0424011060792004    1
              7460     20180607   50881017GOOD                          060792004    1   43811027060792004    1    0424011060792004    1
              7460     20180608   75881017MODERATE                      060792004    1   71811027060792004    1    0424011060792004    1
              7460     20180609   75811027MODERATE                      060792004    1   74881017060792004    1    0424011060792004    1
              7460     20180610   86881017MODERATE                      060792004    1   85811027060792004    1    0424011060792004    1
              7460     20180611   68881017MODERATE                      060792004    1   66811027060792004    1    0424011060792004    1
              7460     20180612   16881017GOOD                          060792004    1   12811027060792004    1    0424011060792004    1
              7460     20180613   25881017GOOD                          060792004    1   16811027060792004    1    0424011060792004    1
              7460     20180614   22881017GOOD                          060792004    1   17811027060792004    1    0424011060792004    1
              7460     20180615   20881017GOOD                          060792004    1   12811027060792004    1    0424011060792004    1
              7460     20180616   17881017GOOD                          060792004    1   11811027060792004    1    0424011060792004    1
              7460     20180617   26881017GOOD                          060792004    1   18811027060792004    1    0424011060792004    1
              7460     20180618   39881017GOOD                          060792004    1   32811027060792004    1    0424011060792004    1
              7460     20180619   23881017GOOD                          060792004    1   19811027060792004    1    0424011060792004    1
              7460     20180620   28881017GOOD                          060792004    1   18811027060792004    1    0424011060792004    1
              7460     20180621   32881017GOOD                          060792004    1   20811027060792004    1    0424011060792004    1
              7460     20180622   28881017GOOD                          060792004    1   19811027060792004    1    0424011060792004    1
              7460     20180623   34881017GOOD                          060792004    1   19811027060792004    1    0424011060792004    1
              7460     20180624   15811027GOOD                          060792004    1   14881017060792004    1    0424011060792004    1
              7460     20180625   11811027GOOD                          060792004    1    7881017060792004    1    0424011060792004    1
              7460     20180626   22881017GOOD                          060792004    1   14811027060792004    1    0424011060792004    1
              7460     20180627   22881017GOOD                          060792004    1   17811027060792004    1    0424011060792004    1
              7460     20180628   54881017MODERATE                      060792004    1   52811027060792004    1    0424011060792004    1
              7460     20180629   35881017GOOD                          060792004    1   24811027060792004    1    0424011060792004    1
              7460     20180630   37881017GOOD                          060792004    1   26811027060792004    1    0424011060792004    1
              7460     20180701   20881017GOOD                          060792004    1   15811027060792004    1    0424011060792004    1
              7460     20180702   11881017GOOD                          060792004    1    9811027060792004    1    0424011060792004    1
              7460     20180703    9811027GOOD                          060792004    1    9881017060792004    1    0424011060792004    1
              7460     20180704   15881017GOOD                          060792004    1   13811027060792004    1    0424011060792004    1
              7460     20180705   32881017GOOD                          060792004    1   19811027060792004    1    0424011060792004    1
              7460     20180706   74811027MODERATE                      060792004    1   73881017060792004    1    3424011060792004    1
              7460     20180707   74811027MODERATE                      060792004    1   67881017060792004    1    3424011060792004    1
              7460     20180708   53881017MODERATE                      060792004    1   42811027060792004    1    0424011060792004    1
              7460     20180709   47881017GOOD                          060792004    1   38811027060792004    1    0424011060792004    1
              7460     20180710   43881017GOOD                          060792004    1   31811027060792004    1    0424011060792004    1
              7460     20180711   13881017GOOD                          060792004    1   10811027060792004    1    0424011060792004    1
              7460     20180712    5811027GOOD                          060792004    1    4881017060792004    1    0424011060792004    1
              7460     20180713    9881017GOOD                          060792004    1    3811027060792004    1    0424011060792004    1
              7460     20180714   20811027GOOD                          060792004    1   16881017060792004    1    0424011060792004    1
              7460     20180715   11811027GOOD                          060792004    1    8881017060792004    1    0424011060792004    1
              7460     20180716   18881017GOOD                          060792004    1   11811027060792004    1    0424011060792004    1
              7460     20180717   17881017GOOD                          060792004    1    9811027060792004    1    0424011060792004    1
              7460     20180718   16881017GOOD                          060792004    1    6811027060792004    1    0424011060792004    1
              7460     20180719    7811027GOOD                          060792004    1    3881017060792004    1    0424011060792004    1
              7460     20180720    4811027GOOD                          060792004    1    2881017060792004    1    0424011060792004    1
              7460     20180721    5811027GOOD                          060792004    1    0424011060792004    1    0881017060792004    1
              7460     20180722    7811027GOOD                          060792004    1    6881017060792004    1    0424011060792004    1
              7460     20180723   50811027GOOD                          060792004    1   46881017060792004    1    0424011060792004    1
              7460     20180724   40881017GOOD                          060792004    1   37811027060792004    1    0424011060792004    1
              7460     20180725   32881017GOOD                          060792004    1   24811027060792004    1    0424011060792004    1
              7460     20180726   30881017GOOD                          060792004    1   15811027060792004    1    0424011060792004    1
              7460     20180727   22881017GOOD                          060792004    1   10811027060792004    1    0424011060792004    1
              7460     20180728   11881017GOOD                          060792004    1    6811027060792004    1    0424011060792004    1
              7460     20180729    6811027GOOD                          060792004    1    3881017060792004    1    0424011060792004    1
              7460     20180730    5811027GOOD                          060792004    1    1881017060792004    1    0424011060792004    1
              7460     20180731    7811027GOOD                          060792004    1    0424011060792004    1    0881017060792004    1
              7460     20180801   10811027GOOD                          060792004    1    9881017060792004    1    0424011060792004    1
              7460     20180802   17811027GOOD                          060792004    1   12881017060792004    1    0424011060792004    1
              7460     20180803   16811027GOOD                          060792004    1   13881017060792004    1    0424011060792004    1
              7460     20180804   22881017GOOD                          060792004    1   21811027060792004    1    0424011060792004    1
              7460     20180805   29881017GOOD                          060792004    1   27811027060792004    1    0424011060792004    1
              7460     20180806   79811027MODERATE                      060792004    1   73881017060792004    1    1424011060792004    1
              7460     20180807   30811027GOOD                          060792004    1   26881017060792004    1    0424011060792004    1
              7460     20180808   10881017GOOD                          060792004    1    9811027060792004    1    0424011060792004    1
              7460     20180809   10811027GOOD                          060792004    1    9881017060792004    1    0424011060792004    1
              7460     20180810    8811027GOOD                          060792004    1    1424011060792004    1    1881017060792004    1
              7460     20180811   11811027GOOD                          060792004    1    6881017060792004    1    0424011060792004    1
              7460     20180812   10881017GOOD                          060792004    1    9811027060792004    1    0424011060792004    1
              7460     20180813    6811027GOOD                          060792004    1    5881017060792004    1    0424011060792004    1
              7460     20180814   16881017GOOD                          060792004    1   12811027060792004    1    0424011060792004    1
              7460     20180815   27881017GOOD                          060792004    1   18811027060792004    1    0424011060792004    1
              7460     20180816   52881017MODERATE                      060792004    1   23811027060792004    1    0424011060792004    1
              7460     20180817   55881017MODERATE                      060792004    1   27811027060792004    1    0424011060792004    1
              7460     20180818   50881017GOOD                          060792004    1   23811027060792004    1    0424011060792004    1
              7460     20180819   54881017MODERATE                      060792004    1   20811027060792004    1    0424011060792004    1
              7460     20180820   63881017MODERATE                      060792004    1   26811027060792004    1    0424011060792004    1
              7460     20180821   50881017GOOD                          060792004    1   20811027060792004    1    0424011060792004    1
              7460     20180822   56881017MODERATE                      060792004    1   22811027060792004    1    0424011060792004    1
              7460     20180823   96881017MODERATE                      060792004    1   47811027060792004    1    0424011060792004    1
              7460     20180824  108881017UNHEALTHY FOR SENSITIVE       060792004    1   53811027060792004    1    0424011060792004    1
              7460     20180825   54881017MODERATE                      060792004    1   31811027060792004    1    0424011060792004    1
              7460     20180826   44881017GOOD                          060792004    1   21811027060792004    1    0424011060792004    1
              7460     20180827   30881017GOOD                          060792004    1   17811027060792004    1    0424011060792004    1
              7460     20180828   15811027GOOD                          060792004    1   12881017060792004    1    0424011060792004    1
              7460     20180829   19811027GOOD                          060792004    1   17881017060792004    1    0424011060792004    1
              7460     20180830   48881017GOOD                          060792004    1   43811027060792004    1    0424011060792004    1
              7460     20180831   85811027MODERATE                      060792004    1   82881017060792004    1    1424011060792004    1
              7460     20180901   63811027MODERATE                      060792004    1   59881017060792004    1    0424011060792004    1
              7460     20180902   25881017GOOD                          060792004    1   19811027060792004    1    0424011060792004    1
              7460     20180903   10811027GOOD                          060792004    1    8881017060792004    1    0424011060792004    1
              7460     20180904   17881017GOOD                          060792004    1    9811027060792004    1    0424011060792004    1
              7460     20180905   12881017GOOD                          060792004    1    8811027060792004    1    0424011060792004    1
              7460     20180906   19881017GOOD                          060792004    1   14811027060792004    1    0424011060792004    1
              7460     20180907   33881017GOOD                          060792004    1   21811027060792004    1    0424011060792004    1
              7460     20180908   29881017GOOD                          060792004    1   27811027060792004    1    0424011060792004    1
              7460     20180909   27811027GOOD                          060792004    1   22881017060792004    1    0424011060792004    1
              7460     20180910   19811027GOOD                          060792004    1   12881017060792004    1    0424011060792004    1
              7460     20180911   26811027GOOD                          060792004    1   13881017060792004    1    0424011060792004    1
              7460     20180912   33811027GOOD                          060792004    1   15881017060792004    1    0424011060792004    1
              7460     20180913   54811027MODERATE                      060792004    1   45881017060792004    1    0424011060792004    1
              7460     20180914   24811027GOOD                          060792004    1   18881017060792004    1    0424011060792004    1
              7460     20180915   55811027MODERATE                      060792004    1   39881017060792004    1    0424011060792004    1
              7460     20180916   26811027GOOD                          060792004    1   11881017060792004    1    0424011060792004    1
              7460     20180917   26811027GOOD                          060792004    1   15881017060792004    1    0424011060792004    1
              7460     20180918   34811027GOOD                          060792004    1   28881017060792004    1    0424011060792004    1
              7460     20180919   54881017MODERATE                      060792004    1   47811027060792004    1    0424011060792004    1
              7460     20180920   49881017GOOD                          060792004    1   44811027060792004    1    1424011060792004    1
              7460     20180921   33881017GOOD                          060792004    1   22811027060792004    1    0424011060792004    1
              7460     20180922   33881017GOOD                          060792004    1   14811027060792004    1    0424011060792004    1
              7460     20180923   34881017GOOD                          060792004    1   15811027060792004    1    0424011060792004    1
              7460     20180924   37881017GOOD                          060792004    1   19811027060792004    1    0424011060792004    1
              7460     20180925   46881017GOOD                          060792004    1   27811027060792004    1    0424011060792004    1
              7460     20180926   51881017MODERATE                      060792004    1   28811027060792004    1    0424011060792004    1
              7460     20180927   37881017GOOD                          060792004    1   17811027060792004    1    0424011060792004    1
              7460     20180928   38881017GOOD                          060792004    1   18811027060792004    1    0424011060792004    1
              7460     20180929   35881017GOOD                          060792004    1   22811027060792004    1    0424011060792004    1
              7460     20180930   19881017GOOD                          060792004    1   13811027060792004    1    0424011060792004    1
              7460     20181001   14811027GOOD                          060792004    1   13881017060792004    1    0424011060792004    1
              7460     20181002   20881017GOOD                          060792004    1   14811027060792004    1    0424011060792004    1
              7460     20181003   23881017GOOD                          060792004    1   12811027060792004    1    0424011060792004    1
              7460     20181004   10881017GOOD                          060792004    1    8811027060792004    1    0424011060792004    1
              7460     20181005   54811027MODERATE                      060792004    1   43881017060792004    1    0424011060792004    1
              7460     20181006   60811027MODERATE                      060792004    1   55881017060792004    1    0424011060792004    1
              7460     20181007   48881017GOOD                          060792004    1   45811027060792004    1    0424011060792004    1
              7460     20181008   38881017GOOD                          060792004    1   34811027060792004    1    0424011060792004    1
              7460     20181009   36881017GOOD                          060792004    1   22811027060792004    1    0424011060792004    1
              7460     20181010   31881017GOOD                          060792004    1   20811027060792004    1    0424011060792004    1
              7460     20181011   23881017GOOD                          060792004    1   17811027060792004    1    0424011060792004    1
              7460     20181012   31811027GOOD                          060792004    1   27881017060792004    1    0424011060792004    1
              7460     20181013   38881017GOOD                          060792004    1   24811027060792004    1    0424011060792004    1
              7460     20181014   35881017GOOD                          060792004    1   19811027060792004    1    0424011060792004    1
              7460     20181015   36881017GOOD                          060792004    1   31811027060792004    1    0424011060792004    1
              7460     20181016   48811027GOOD                          060792004    1   47881017060792004    1    1424011060792004    1
              7460     20181017   33881017GOOD                          060792004    1   22811027060792004    1    0424011060792004    1
              7460     20181018   44881017GOOD                          060792004    1   21811027060792004    1    0424011060792004    1
              7460     20181019   51881017MODERATE                      060792004    1   44811027060792004    1    1424011060792004    1
              7460     20181020   47881017GOOD                          060792004    1   39811027060792004    1    0424011060792004    1
              7460     20181021   47881017GOOD                          060792004    1   22811027060792004    1    0424011060792004    1
              7460     20181022   50881017GOOD                          060792004    1   30811027060792004    1    0424011060792004    1
              7460     20181023   47881017GOOD                          060792004    1   41811027060792004    1    0424011060792004    1
              7460     20181024   45881017GOOD                          060792004    1   39811027060792004    1    0424011060792004    1
              7460     20181025   44811027GOOD                          060792004    1   43881017060792004    1    0424011060792004    1
              7460     20181026   40811027GOOD                          060792004    1   39881017060792004    1    0424011060792004    1
              7460     20181027   25881017GOOD                          060792004    1   19811027060792004    1    1424011060792004    1
              7460     20181028   44811027GOOD                          060792004    1   39881017060792004    1    1424011060792004    1
              7460     20181029   40811027GOOD                          060792004    1   19881017060792004    1    0424011060792004    1
              7460     20181030   48811027GOOD                          060792004    1   37881017060792004    1    0424011060792004    1
              7460     20181031   45811027GOOD                          060792004    1   34881017060792004    1    0424011060792004    1
              7460     20181101   42811027GOOD                          060792004    1   35881017060792004    1    1424011060792004    1
              7460     20181102   37811027GOOD                          060792004    1   35881017060792004    1    1424011060792004    1
              7460     20181103   42881017GOOD                          060792004    1   39811027060792004    1    0424011060792004    1
              7460     20181104   43881017GOOD                          060792004    1   38811027060792004    1    0424011060792004    1
              7460     20181105   31881017GOOD                          060792004    1   27811027060792004    1    0424011060792004    1
              7460     20181106   33881017GOOD                          060792004    1   28811027060792004    1    1424011060792004    1
              7460     20181107   31881017GOOD                          060792004    1   30811027060792004    1    1424011060792004    1
              7460     20181108   41811027GOOD                          060792004    1   27881017060792004    1    1424011060792004    1
              7460     20181109   39811027GOOD                          060792004    1   33881017060792004    1    0424011060792004    1
              7460     20181110   58881017MODERATE                      060792004    1   44811027060792004    1    1424011060792004    1
              7460     20181111   61881017MODERATE                      060792004    1   38811027060792004    1    1424011060792004    1
              7460     20181112   39811027GOOD                          060792004    1    1424011060792004    1
              7460     20181113   39811027GOOD                          060792004    1    0424011060792004    1
              7460     20181114   42881017GOOD                          060792004    1   36811027060792004    1    1424011060792004    1
              7460     20181115   48881017GOOD                          060792004    1   44811027060792004    1    0424011060792004    1
              7460     20181116   73881017MODERATE                      060792004    1   51811027060792004    1    0424011060792004    1
              7460     20181117   91881017MODERATE                      060792004    1   48811027060792004    1    0424011060792004    1
              7460     20181118   92881017MODERATE                      060792004    1   47811027060792004    1    0424011060792004    1
              7460     20181119   71881017MODERATE                      060792004    1   41811027060792004    1    0424011060792004    1
              7460     20181120   53881017MODERATE                      060792004    1   23811027060792004    1    0424011060792004    1
              7460     20181121   33881017GOOD                          060792004    1   24811027060792004    1    0424011060792004    1
              7460     20181122   25881017GOOD                          060792004    1   12811027060792004    1    0424011060792004    1
              7460     20181123   22881017GOOD                          060792004    1   10811027060792004    1    0424011060792004    1
              7460     20181124   25881017GOOD                          060792004    1   24811027060792004    1    0424011060792004    1
              7460     20181125   25881017GOOD                          060792004    1   14811027060792004    1    0424011060792004    1
              7460     20181126   36881017GOOD                          060792004    1   16811027060792004    1    0424011060792004    1
              7460     20181127   24881017GOOD                          060792004    1   17811027060792004    1    0424011060792004    1
              7460     20181128   12881017GOOD                          060792004    1    8811027060792004    1    0424011060792004    1
              7460     20181129   34881017GOOD                          060792004    1   23811027060792004    1    0424011060792004    1
              7460     20181130   52811027MODERATE                      060792004    1   41881017060792004    1    0424011060792004    1
              7460     20181201   23881017GOOD                          060792004    1   12811027060792004    1    0424011060792004    1
              7460     20181202   18881017GOOD                          060792004    1   11811027060792004    1    0424011060792004    1
              7460     20181203   28881017GOOD                          060792004    1   13811027060792004    1    0424011060792004    1
              7460     20181204   18881017GOOD                          060792004    1   15811027060792004    1    0424011060792004    1
              7460     20181205   13881017GOOD                          060792004    1    8811027060792004    1    0424011060792004    1
              7460     20181206   16881017GOOD                          060792004    1    9811027060792004    1    0424011060792004    1
              7460     20181207   23881017GOOD                          060792004    1   13811027060792004    1    0424011060792004    1
              7460     20181208   30881017GOOD                          060792004    1   12811027060792004    1    0424011060792004    1
              7460     20181209   30881017GOOD                          060792004    1   12811027060792004    1    0424011060792004    1
              7460     20181210   33881017GOOD                          060792004    1   12811027060792004    1    1424011060792004    1
              7460     20181211   35881017GOOD                          060792004    1   12811027060792004    1    0424011060792004    1
              7460     20181212   28881017GOOD                          060792004    1   10811027060792004    1    0424011060792004    1
              7460     20181213   49881017GOOD                          060792004    1   25811027060792004    1    0424011060792004    1
              7460     20181214   44881017GOOD                          060792004    1   22811027060792004    1    0424011060792004    1
              7460     20181215   35881017GOOD                          060792004    1   18811027060792004    1    0424011060792004    1
              7460     20181216   25881017GOOD                          060792004    1   11811027060792004    1    0424011060792004    1
              7460     20181217   21881017GOOD                          060792004    1   15811027060792004    1    0424011060792004    1
              7460     20181218   23881017GOOD                          060792004    1    9811027060792004    1    0424011060792004    1
              7460     20181219   32881017GOOD                          060792004    1   20811027060792004    1    0424011060792004    1
              7460     20181220   28881017GOOD                          060792004    1   17811027060792004    1    1424011060792004    1
              7460     20181221   40881017GOOD                          060792004    1   30811027060792004    1    0424011060792004    1
              7460     20181222   35881017GOOD                          060792004    1   17811027060792004    1    0424011060792004    1
              7460     20181223   50881017GOOD                          060792004    1   19811027060792004    1    1424011060792004    1
              7460     20181224   30881017GOOD                          060792004    1   22811027060792004    1    0424011060792004    1
              7460     20181225   27881017GOOD                          060792004    1   14811027060792004    1    0424011060792004    1
              7460     20181226   24881017GOOD                          060792004    1   13811027060792004    1    0424011060792004    1
              7460     20181227   21881017GOOD                          060792004    1    9811027060792004    1    0424011060792004    1
              7460     20181228   24881017GOOD                          060792004    1   10811027060792004    1    0424011060792004    1
              7460     20181229   37881017GOOD                          060792004    1   19811027060792004    1    0424011060792004    1
              7460     20181230   41881017GOOD                          060792004    1   35811027060792004    1    0424011060792004    1
              7460     20181231   32881017GOOD                          060792004    1   13811027060792004    1    0424011060792004    1
# 365 records written to the file
