# STATE_CODE(1,2); COUNTY_CODE(3,3); CITY_CODE(6,5); UAR_CODE(11,4); MSA_CODE(15,4); CBSA_CODE (19,5); AQI_DATE(24,8); AQI_VALUE1(32,5); PARAMETER_CODE1(37,5); DURATION_CODE1(42,1); AQI_CATEGORY(43,30); MAX_AQI_SITE_ID1(73,9); NUM_SITES1(82,5); AQI_VALUE2(87, 5); PARAMETER_CODE2(92, 5); DURATION_CODE2(97, 1); MAX_AQI_SITE_ID2(98, 9); NUM_SITES2(107, 5); AQI_VALUE3(112, 5); PARAMETER_CODE3(117, 5); DURATION_CODE3(122, 1); MAX_AQI_SITE_ID3(123, 9); NUM_SITES3(132, 5); AQI_VALUE4(137, 5); PARAMETER_CODE4(142, 5); DURATION_CODE4(147, 1); MAX_AQI_SITE_ID4(148, 9); NUM_SITES4(157, 5); AQI_VALUE5(162, 5); PARAMETER_CODE5(167, 5); DURATION_CODE5(172, 1); MAX_AQI_SITE_ID5(173, 9); NUM_SITES5(182, 5); AQI_VALUE6(187, 5); PARAMETER_CODE6(192, 5); DURATION_CODE6(197, 1); MAX_AQI_SITE_ID6(198, 9); NUM_SITES6(207, 5); AQI_VALUE7(212, 5); PARAMETER_CODE7(217, 5); DURATION_CODE7(222, 1); MAX_AQI_SITE_ID7(223, 9); NUM_SITES7(232, 5); AQI_VALUE8(237, 5); PARAMETER_CODE8(242, 5); DURATION_CODE8(247, 1); MAX_AQI_SITE_ID8(248, 9); NUM_SITES8(257, 5)
              7460     20180101   2844201WGOOD                          060793001    1
              7460     20180102   2444201WGOOD                          060793001    1
              7460     20180103   2144201WGOOD                          060793001    1
              7460     20180104   2144201WGOOD                          060793001    1
              7460     20180105   2344201WGOOD                          060793001    1
              7460     20180106   3044201WGOOD                          060793001    1
              7460     20180107   2244201WGOOD                          060793001    1
              7460     20180108   3044201WGOOD                          060793001    1
              7460     20180109   3744201WGOOD                          060793001    1
              7460     20180110   3444201WGOOD                          060793001    1
              7460     20180111   3144201WGOOD                          060793001    1
              7460     20180112   3344201WGOOD                          060793001    1
              7460     20180113   2544201WGOOD                          060793001    1
              7460     20180114   3044201WGOOD                          060793001    1
              7460     20180115   2944201WGOOD                          060793001    1
              7460     20180116   2744201WGOOD                          060793001    1
              7460     20180117   2144201WGOOD                          060793001    1
              7460     20180118   3344201WGOOD                          060793001    1
              7460     20180119   3644201WGOOD                          060793001    1
              7460     20180120   3444201WGOOD                          060793001    1
              7460     20180121   3444201WGOOD                          060793001    1
              7460     20180122   3644201WGOOD                          060793001    1
              7460     20180123   3344201WGOOD                          060793001    1
              7460     20180124   3144201WGOOD                          060793001    1
              7460     20180125   3744201WGOOD                          060793001    1
              7460     20180126   3444201WGOOD                          060793001    1
              7460     20180127   3744201WGOOD                          060793001    1
              7460     20180128   3444201WGOOD                          060793001    1
              7460     20180129   3344201WGOOD                          060793001    1
              7460     20180130   2344201WGOOD                          060793001    1
              7460     20180131   3844201WGOOD                          060793001    1
              7460     20180201   3944201WGOOD                          060793001    1
              7460     20180202   3344201WGOOD                          060793001    1
              7460     20180203   4444201WGOOD                          060793001    1
              7460     20180204   3944201WGOOD                          060793001    1
              7460     20180205   4344201WGOOD                          060793001    1
              7460     20180206   3844201WGOOD                          060793001    1
              7460     20180207   4144201WGOOD                          060793001    1
              7460     20180208   4444201WGOOD                          060793001    1
              7460     20180209   4444201WGOOD                          060793001    1
              7460     20180210   3644201WGOOD                          060793001    1
              7460     20180211   3544201WGOOD                          060793001    1
              7460     20180212   3844201WGOOD                          060793001    1
              7460     20180213   3244201WGOOD                          060793001    1
              7460     20180214   3844201WGOOD                          060793001    1
              7460     20180215   4144201WGOOD                          060793001    1
              7460     20180216   4044201WGOOD                          060793001    1
              7460     20180217   4044201WGOOD                          060793001    1
              7460     20180218   4144201WGOOD                          060793001    1
              7460     20180219   4044201WGOOD                          060793001    1
              7460     20180220   3844201WGOOD                          060793001    1
              7460     20180221   4144201WGOOD                          060793001    1
              7460     20180222   4244201WGOOD                          060793001    1
              7460     20180223   4044201WGOOD                          060793001    1
              7460     20180224   4244201WGOOD                          060793001    1
              7460     20180225   3944201WGOOD                          060793001    1
              7460     20180226   3844201WGOOD                          060793001    1
              7460     20180227   3644201WGOOD                          060793001    1
              7460     20180228   3944201WGOOD                          060793001    1
              7460     20180301   4444201WGOOD                          060793001    1
              7460     20180302   4244201WGOOD                          060793001    1
              7460     20180303   4144201WGOOD                          060793001    1
              7460     20180304   3944201WGOOD                          060793001    1
              7460     20180305   3944201WGOOD                          060793001    1
              7460     20180306   4244201WGOOD                          060793001    1
              7460     20180307   3944201WGOOD                          060793001    1
              7460     20180308   4444201WGOOD                          060793001    1
              7460     20180309   3044201WGOOD                          060793001    1
              7460     20180310   2944201WGOOD                          060793001    1
              7460     20180311   2944201WGOOD                          060793001    1
              7460     20180312   2844201WGOOD                          060793001    1
              7460     20180313   3844201WGOOD                          060793001    1
              7460     20180314   4044201WGOOD                          060793001    1
              7460     20180315   3944201WGOOD                          060793001    1
              7460     20180316   4144201WGOOD                          060793001    1
              7460     20180317   4044201WGOOD                          060793001    1
              7460     20180318   3644201WGOOD                          060793001    1
              7460     20180319   3844201WGOOD                          060793001    1
              7460     20180320   3344201WGOOD                          060793001    1
              7460     20180321   3144201WGOOD                          060793001    1
              7460     20180322   4144201WGOOD                          060793001    1
              7460     20180323   4044201WGOOD                          060793001    1
              7460     20180324   4344201WGOOD                          060793001    1
              7460     20180325   4144201WGOOD                          060793001    1
              7460     20180326   3944201WGOOD                          060793001    1
              7460     20180327   3944201WGOOD                          060793001    1
              7460     20180328   3544201WGOOD                          060793001    1
              7460     20180329   3044201WGOOD                          060793001    1
              7460     20180330   4044201WGOOD                          060793001    1
              7460     20180331   4044201WGOOD                          060793001    1
              7460     20180401   3644201WGOOD                          060793001    1
              7460     20180402   3344201WGOOD                          060793001    1
              7460     20180403   4144201WGOOD                          060793001    1
              7460     20180404   3844201WGOOD                          060793001    1
              7460     20180405   4544201WGOOD                          060793001    1
              7460     20180406   2744201WGOOD                          060793001    1
              7460     20180407   3244201WGOOD                          060793001    1
              7460     20180408   4044201WGOOD                          060793001    1
              7460     20180409   3844201WGOOD                          060793001    1
              7460     20180410   3944201WGOOD                          060793001    1
              7460     20180411   4544201WGOOD                          060793001    1
              7460     20180412   5144201WMODERATE                      060793001    1
              7460     20180413   4344201WGOOD                          060793001    1
              7460     20180414   4444201WGOOD                          060793001    1
              7460     20180415   4044201WGOOD                          060793001    1
              7460     20180416   4444201WGOOD                          060793001    1
              7460     20180417   3944201WGOOD                          060793001    1
              7460     20180418   4344201WGOOD                          060793001    1
              7460     20180419   3944201WGOOD                          060793001    1
              7460     20180420   3944201WGOOD                          060793001    1
              7460     20180421   3844201WGOOD                          060793001    1
              7460     20180422   3844201WGOOD                          060793001    1
              7460     20180423   3744201WGOOD                          060793001    1
              7460     20180424   3844201WGOOD                          060793001    1
              7460     20180425   3844201WGOOD                          060793001    1
              7460     20180426   4444201WGOOD                          060793001    1
              7460     20180427   4044201WGOOD                          060793001    1
              7460     20180428   4444201WGOOD                          060793001    1
              7460     20180429   4444201WGOOD                          060793001    1
              7460     20180430   4844201WGOOD                          060793001    1
              7460     20180501   4344201WGOOD                          060793001    1
              7460     20180502   4044201WGOOD                          060793001    1
              7460     20180503   3544201WGOOD                          060793001    1
              7460     20180504   4044201WGOOD                          060793001    1
              7460     20180505   3744201WGOOD                          060793001    1
              7460     20180506   3644201WGOOD                          060793001    1
              7460     20180507   3544201WGOOD                          060793001    1
              7460     20180508   3144201WGOOD                          060793001    1
              7460     20180509   3744201WGOOD                          060793001    1
              7460     20180510   3944201WGOOD                          060793001    1
              7460     20180511   3844201WGOOD                          060793001    1
              7460     20180512   4044201WGOOD                          060793001    1
              7460     20180513   3744201WGOOD                          060793001    1
              7460     20180514   3544201WGOOD                          060793001    1
              7460     20180515   3544201WGOOD                          060793001    1
              7460     20180516   3444201WGOOD                          060793001    1
              7460     20180517   3144201WGOOD                          060793001    1
              7460     20180518   2944201WGOOD                          060793001    1
              7460     20180519   3444201WGOOD                          060793001    1
              7460     20180520   3644201WGOOD                          060793001    1
              7460     20180521   3344201WGOOD                          060793001    1
              7460     20180522   3144201WGOOD                          060793001    1
              7460     20180523   3244201WGOOD                          060793001    1
              7460     20180524   3444201WGOOD                          060793001    1
              7460     20180525   3544201WGOOD                          060793001    1
              7460     20180526   3344201WGOOD                          060793001    1
              7460     20180527   3144201WGOOD                          060793001    1
              7460     20180528   3244201WGOOD                          060793001    1
              7460     20180529   3144201WGOOD                          060793001    1
              7460     20180530   3244201WGOOD                          060793001    1
              7460     20180531   3344201WGOOD                          060793001    1
              7460     20180601   3344201WGOOD                          060793001    1
              7460     20180602   3244201WGOOD                          060793001    1
              7460     20180603   3044201WGOOD                          060793001    1
              7460     20180604   3244201WGOOD                          060793001    1
              7460     20180605   3444201WGOOD                          060793001    1
              7460     20180606   3144201WGOOD                          060793001    1
              7460     20180607   3844201WGOOD                          060793001    1
              7460     20180608   3144201WGOOD                          060793001    1
              7460     20180609   3544201WGOOD                          060793001    1
              7460     20180610   3244201WGOOD                          060793001    1
              7460     20180611   2444201WGOOD                          060793001    1
              7460     20180612   2744201WGOOD                          060793001    1
              7460     20180613   3144201WGOOD                          060793001    1
              7460     20180614   2644201WGOOD                          060793001    1
              7460     20180615   2944201WGOOD                          060793001    1
              7460     20180616   2844201WGOOD                          060793001    1
              7460     20180617   3444201WGOOD                          060793001    1
              7460     20180618   3344201WGOOD                          060793001    1
              7460     20180619   3144201WGOOD                          060793001    1
              7460     20180620   2644201WGOOD                          060793001    1
              7460     20180621   2544201WGOOD                          060793001    1
              7460     20180622   2544201WGOOD                          060793001    1
              7460     20180623   3544201WGOOD                          060793001    1
              7460     20180624   3044201WGOOD                          060793001    1
              7460     20180625   2944201WGOOD                          060793001    1
              7460     20180626   2944201WGOOD                          060793001    1
              7460     20180627   2644201WGOOD                          060793001    1
              7460     20180628   3144201WGOOD                          060793001    1
              7460     20180629   3044201WGOOD                          060793001    1
              7460     20180630   3644201WGOOD                          060793001    1
              7460     20180701   3144201WGOOD                          060793001    1
              7460     20180702   3144201WGOOD                          060793001    1
              7460     20180703   3144201WGOOD                          060793001    1
              7460     20180704   3044201WGOOD                          060793001    1
              7460     20180705   3044201WGOOD                          060793001    1
              7460     20180706   2644201WGOOD                          060793001    1
              7460     20180707   2344201WGOOD                          060793001    1
              7460     20180708   2544201WGOOD                          060793001    1
              7460     20180709   2844201WGOOD                          060793001    1
              7460     20180710   2544201WGOOD                          060793001    1
              7460     20180711   2144201WGOOD                          060793001    1
              7460     20180712   2544201WGOOD                          060793001    1
              7460     20180713   2444201WGOOD                          060793001    1
              7460     20180714   1944201WGOOD                          060793001    1
              7460     20180715   2444201WGOOD                          060793001    1
              7460     20180716   2744201WGOOD                          060793001    1
              7460     20180717   2644201WGOOD                          060793001    1
              7460     20180718   2544201WGOOD                          060793001    1
              7460     20180719   2544201WGOOD                          060793001    1
              7460     20180720   2744201WGOOD                          060793001    1
              7460     20180721   1944201WGOOD                          060793001    1
              7460     20180722   2244201WGOOD                          060793001    1
              7460     20180723   2544201WGOOD                          060793001    1
              7460     20180724   2844201WGOOD                          060793001    1
              7460     20180725   2944201WGOOD                          060793001    1
              7460     20180726   2844201WGOOD                          060793001    1
              7460     20180727   2444201WGOOD                          060793001    1
              7460     20180728   2244201WGOOD                          060793001    1
              7460     20180729   2144201WGOOD                          060793001    1
              7460     20180730   2244201WGOOD                          060793001    1
              7460     20180731   2644201WGOOD                          060793001    1
              7460     20180801   2444201WGOOD                          060793001    1
              7460     20180802   2044201WGOOD                          060793001    1
              7460     20180803   1844201WGOOD                          060793001    1
              7460     20180804   1944201WGOOD                          060793001    1
              7460     20180805   2344201WGOOD                          060793001    1
              7460     20180806   2644201WGOOD                          060793001    1
              7460     20180807   2744201WGOOD                          060793001    1
              7460     20180808   2844201WGOOD                          060793001    1
              7460     20180809   2344201WGOOD                          060793001    1
              7460     20180810   2344201WGOOD                          060793001    1
              7460     20180811   2144201WGOOD                          060793001    1
              7460     20180812   1944201WGOOD                          060793001    1
              7460     20180813   2344201WGOOD                          060793001    1
              7460     20180815   2844201WGOOD                          060793001    1
              7460     20180816   3644201WGOOD                          060793001    1
              7460     20180817   3444201WGOOD                          060793001    1
              7460     20180818   3444201WGOOD                          060793001    1
              7460     20180819   3144201WGOOD                          060793001    1
              7460     20180820   3444201WGOOD                          060793001    1
              7460     20180821   3744201WGOOD                          060793001    1
              7460     20180822   3944201WGOOD                          060793001    1
              7460     20180823   4444201WGOOD                          060793001    1
              7460     20180824   4944201WGOOD                          060793001    1
              7460     20180825   3644201WGOOD                          060793001    1
              7460     20180826   3244201WGOOD                          060793001    1
              7460     20180828   1944201WGOOD                          060793001    1
              7460     20180829   3144201WGOOD                          060793001    1
              7460     20180830   3344201WGOOD                          060793001    1
              7460     20180831   2544201WGOOD                          060793001    1
              7460     20180901   2244201WGOOD                          060793001    1
              7460     20180902   3144201WGOOD                          060793001    1
              7460     20180903   3344201WGOOD                          060793001    1
              7460     20180904   3144201WGOOD                          060793001    1
              7460     20180905   3144201WGOOD                          060793001    1
              7460     20180906   3144201WGOOD                          060793001    1
              7460     20180907   2944201WGOOD                          060793001    1
              7460     20180908   2244201WGOOD                          060793001    1
              7460     20180909   2744201WGOOD                          060793001    1
              7460     20180910   2944201WGOOD                          060793001    1
              7460     20180911   3044201WGOOD                          060793001    1
              7460     20180912   2944201WGOOD                          060793001    1
              7460     20180913   2944201WGOOD                          060793001    1
              7460     20180914   3144201WGOOD                          060793001    1
              7460     20180915   2844201WGOOD                          060793001    1
              7460     20180916   3044201WGOOD                          060793001    1
              7460     20180917   3144201WGOOD                          060793001    1
              7460     20180918   2944201WGOOD                          060793001    1
              7460     20180919   3044201WGOOD                          060793001    1
              7460     20180920   3444201WGOOD                          060793001    1
              7460     20180921   4344201WGOOD                          060793001    1
              7460     20180922   3844201WGOOD                          060793001    1
              7460     20180923   3144201WGOOD                          060793001    1
              7460     20180924   2844201WGOOD                          060793001    1
              7460     20180925   3244201WGOOD                          060793001    1
              7460     20180926   3544201WGOOD                          060793001    1
              7460     20180927   3644201WGOOD                          060793001    1
              7460     20180928   3844201WGOOD                          060793001    1
              7460     20180929   3344201WGOOD                          060793001    1
              7460     20180930   2744201WGOOD                          060793001    1
              7460     20181001   2544201WGOOD                          060793001    1
              7460     20181002   2244201WGOOD                          060793001    1
              7460     20181003   1944201WGOOD                          060793001    1
              7460     20181004   2544201WGOOD                          060793001    1
              7460     20181005   2944201WGOOD                          060793001    1
              7460     20181006   3144201WGOOD                          060793001    1
              7460     20181007   3044201WGOOD                          060793001    1
              7460     20181008   3744201WGOOD                          060793001    1
              7460     20181009   3644201WGOOD                          060793001    1
              7460     20181010   3344201WGOOD                          060793001    1
              7460     20181011   3144201WGOOD                          060793001    1
              7460     20181012   4044201WGOOD                          060793001    1
              7460     20181013   3844201WGOOD                          060793001    1
              7460     20181014   3744201WGOOD                          060793001    1
              7460     20181015   3244201WGOOD                          060793001    1
              7460     20181016   4144201WGOOD                          060793001    1
              7460     20181017   3444201WGOOD                          060793001    1
              7460     20181018   3944201WGOOD                          060793001    1
              7460     20181019   4444201WGOOD                          060793001    1
              7460     20181020   3944201WGOOD                          060793001    1
              7460     20181021   3844201WGOOD                          060793001    1
              7460     20181022   3844201WGOOD                          060793001    1
              7460     20181023   3644201WGOOD                          060793001    1
              7460     20181024   3744201WGOOD                          060793001    1
              7460     20181025   3744201WGOOD                          060793001    1
              7460     20181026   3844201WGOOD                          060793001    1
              7460     20181027   2544201WGOOD                          060793001    1
              7460     20181028   2344201WGOOD                          060793001    1
              7460     20181029   3444201WGOOD                          060793001    1
              7460     20181030   3344201WGOOD                          060793001    1
              7460     20181031   3744201WGOOD                          060793001    1
              7460     20181101   4444201WGOOD                          060793001    1
              7460     20181102   4244201WGOOD                          060793001    1
              7460     20181103   4244201WGOOD                          060793001    1
              7460     20181104   3844201WGOOD                          060793001    1
              7460     20181105   3544201WGOOD                          060793001    1
              7460     20181106   3544201WGOOD                          060793001    1
              7460     20181107   3644201WGOOD                          060793001    1
              7460     20181108   4044201WGOOD                          060793001    1
              7460     20181109   4344201WGOOD                          060793001    1
              7460     20181110   3844201WGOOD                          060793001    1
              7460     20181111   4344201WGOOD                          060793001    1
              7460     20181112   4444201WGOOD                          060793001    1
              7460     20181113   3844201WGOOD                          060793001    1
              7460     20181114   4344201WGOOD                          060793001    1
              7460     20181115   4444201WGOOD                          060793001    1
              7460     20181116   4244201WGOOD                          060793001    1
              7460     20181117   4644201WGOOD                          060793001    1
              7460     20181118   4444201WGOOD                          060793001    1
              7460     20181119   3844201WGOOD                          060793001    1
              7460     20181120   3944201WGOOD                          060793001    1
              7460     20181121   3244201WGOOD                          060793001    1
              7460     20181122   3744201WGOOD                          060793001    1
              7460     20181123   3344201WGOOD                          060793001    1
              7460     20181124   3144201WGOOD                          060793001    1
              7460     20181125   2844201WGOOD                          060793001    1
              7460     20181126   3044201WGOOD                          060793001    1
              7460     20181127   2944201WGOOD                          060793001    1
              7460     20181128   3444201WGOOD                          060793001    1
              7460     20181129   3844201WGOOD                          060793001    1
              7460     20181130   3344201WGOOD                          060793001    1
              7460     20181201   3644201WGOOD                          060793001    1
              7460     20181202   3244201WGOOD                          060793001    1
              7460     20181203   3144201WGOOD                          060793001    1
              7460     20181204   3644201WGOOD                          060793001    1
              7460     20181205   2944201WGOOD                          060793001    1
              7460     20181206   2444201WGOOD                          060793001    1
              7460     20181207   3144201WGOOD                          060793001    1
              7460     20181208   2844201WGOOD                          060793001    1
              7460     20181209   2644201WGOOD                          060793001    1
              7460     20181210   2644201WGOOD                          060793001    1
              7460     20181211   2744201WGOOD                          060793001    1
              7460     20181212   3144201WGOOD                          060793001    1
              7460     20181213   3344201WGOOD                          060793001    1
              7460     20181214   3444201WGOOD                          060793001    1
              7460     20181215   2944201WGOOD                          060793001    1
              7460     20181216   3244201WGOOD                          060793001    1
              7460     20181217   3544201WGOOD                          060793001    1
              7460     20181218   3344201WGOOD                          060793001    1
              7460     20181219   3144201WGOOD                          060793001    1
              7460     20181220   2844201WGOOD                          060793001    1
              7460     20181221   3044201WGOOD                          060793001    1
              7460     20181222   2544201WGOOD                          060793001    1
              7460     20181223   2644201WGOOD                          060793001    1
              7460     20181224   3744201WGOOD                          060793001    1
              7460     20181225   3444201WGOOD                          060793001    1
              7460     20181226   2744201WGOOD                          060793001    1
              7460     20181227   3144201WGOOD                          060793001    1
              7460     20181228   3144201WGOOD                          060793001    1
              7460     20181229   3344201WGOOD                          060793001    1
              7460     20181230   3144201WGOOD                          060793001    1
              7460     20181231   2844201WGOOD                          060793001    1
# 363 records written to the file
