# STATE_CODE(1,2); COUNTY_CODE(3,3); CITY_CODE(6,5); UAR_CODE(11,4); MSA_CODE(15,4); CBSA_CODE (19,5); AQI_DATE(24,8); AQI_VALUE1(32,5); PARAMETER_CODE1(37,5); DURATION_CODE1(42,1); AQI_CATEGORY(43,30); MAX_AQI_SITE_ID1(73,9); NUM_SITES1(82,5); AQI_VALUE2(87, 5); PARAMETER_CODE2(92, 5); DURATION_CODE2(97, 1); MAX_AQI_SITE_ID2(98, 9); NUM_SITES2(107, 5); AQI_VALUE3(112, 5); PARAMETER_CODE3(117, 5); DURATION_CODE3(122, 1); MAX_AQI_SITE_ID3(123, 9); NUM_SITES3(132, 5); AQI_VALUE4(137, 5); PARAMETER_CODE4(142, 5); DURATION_CODE4(147, 1); MAX_AQI_SITE_ID4(148, 9); NUM_SITES4(157, 5); AQI_VALUE5(162, 5); PARAMETER_CODE5(167, 5); DURATION_CODE5(172, 1); MAX_AQI_SITE_ID5(173, 9); NUM_SITES5(182, 5); AQI_VALUE6(187, 5); PARAMETER_CODE6(192, 5); DURATION_CODE6(197, 1); MAX_AQI_SITE_ID6(198, 9); NUM_SITES6(207, 5); AQI_VALUE7(212, 5); PARAMETER_CODE7(217, 5); DURATION_CODE7(222, 1); MAX_AQI_SITE_ID7(223, 9); NUM_SITES7(232, 5); AQI_VALUE8(237, 5); PARAMETER_CODE8(242, 5); DURATION_CODE8(247, 1); MAX_AQI_SITE_ID8(248, 9); NUM_SITES8(257, 5)
              7460     20180101   2844201WGOOD                          060794002    1   21811027060794002    1    9426021060794002    1
              7460     20180102   2744201WGOOD                          060794002    1   25811027060794002    1   18426021060794002    1
              7460     20180103   2444201WGOOD                          060794002    1   22811027060794002    1   13426021060794002    1
              7460     20180104   2244201WGOOD                          060794002    1    8426021060794002    1    6811027060794002    1
              7460     20180105    5426021GOOD                          060794002    1    3811027060794002    1
              7460     20180106   2044201WGOOD                          060794002    1    6811027060794002    1    5426021060794002    1
              7460     20180107   2144201WGOOD                          060794002    1    8426021060794002    1    7811027060794002    1
              7460     20180108   3044201WGOOD                          060794002    1    7426021060794002    1    6811027060794002    1
              7460     20180109   4044201WGOOD                          060794002    1    6811027060794002    1    3426021060794002    1
              7460     20180110   3344201WGOOD                          060794002    1   11811027060794002    1    3426021060794002    1
              7460     20180111   3144201WGOOD                          060794002    1   16811027060794002    1    8426021060794002    1
              7460     20180112   3544201WGOOD                          060794002    1    9811027060794002    1    2426021060794002    1
              7460     20180113   3144201WGOOD                          060794002    1   18811027060794002    1   16426021060794002    1
              7460     20180114   3844201WGOOD                          060794002    1   12811027060794002    1    8426021060794002    1
              7460     20180115   3144201WGOOD                          060794002    1   16426021060794002    1   16811027060794002    1
              7460     20180116   2444201WGOOD                          060794002    1   21811027060794002    1    9426021060794002    1
              7460     20180117   2244201WGOOD                          060794002    1    9811027060794002    1    8426021060794002    1
              7460     20180118   2844201WGOOD                          060794002    1   10811027060794002    1    6426021060794002    1
              7460     20180119   3244201WGOOD                          060794002    1    6811027060794002    1    4426021060794002    1
              7460     20180120   3544201WGOOD                          060794002    1   13811027060794002    1    2426021060794002    1
              7460     20180121   3244201WGOOD                          060794002    1   14811027060794002    1    3426021060794002    1
              7460     20180122   3544201WGOOD                          060794002    1   11811027060794002    1    8426021060794002    1
              7460     20180123   3244201WGOOD                          060794002    1   14811027060794002    1   13426021060794002    1
              7460     20180124   3344201WGOOD                          060794002    1   16426021060794002    1   15811027060794002    1
              7460     20180125   3844201WGOOD                          060794002    1   10426021060794002    1   10811027060794002    1
              7460     20180126   3944201WGOOD                          060794002    1    8426021060794002    1    7811027060794002    1
              7460     20180127   4044201WGOOD                          060794002    1   14811027060794002    1    2426021060794002    1
              7460     20180128   3744201WGOOD                          060794002    1   17811027060794002    1   11426021060794002    1
              7460     20180129   3144201WGOOD                          060794002    1   22426021060794002    1   16811027060794002    1
              7460     20180130   2644201WGOOD                          060794002    1   20426021060794002    1   19811027060794002    1
              7460     20180131   3644201WGOOD                          060794002    1    8811027060794002    1    7426021060794002    1
              7460     20180201   4044201WGOOD                          060794002    1   14811027060794002    1    7426021060794002    1
              7460     20180202   3944201WGOOD                          060794002    1   21811027060794002    1   14426021060794002    1
              7460     20180203   4844201WGOOD                          060794002    1   24811027060794002    1   14426021060794002    1
              7460     20180204   4244201WGOOD                          060794002    1   19811027060794002    1   10426021060794002    1
              7460     20180205   4244201WGOOD                          060794002    1   21811027060794002    1   11426021060794002    1
              7460     20180206   20811027GOOD                          060794002    1    8426021060794002    1
              7460     20180207   3844201WGOOD                          060794002    1   19811027060794002    1   10426021060794002    1
              7460     20180208   4844201WGOOD                          060794002    1   26811027060794002    1   13426021060794002    1
              7460     20180209   4744201WGOOD                          060794002    1   29811027060794002    1    9426021060794002    1
              7460     20180210   47811027GOOD                          060794002    1   3544201W060794002    1   14426021060794002    1
              7460     20180211   3844201WGOOD                          060794002    1   31811027060794002    1    6426021060794002    1
              7460     20180212   3944201WGOOD                          060794002    1   20811027060794002    1   15426021060794002    1
              7460     20180213   3444201WGOOD                          060794002    1   16426021060794002    1   13811027060794002    1
              7460     20180214   3944201WGOOD                          060794002    1   16811027060794002    1   14426021060794002    1
              7460     20180215   4344201WGOOD                          060794002    1   16811027060794002    1    6426021060794002    1
              7460     20180216   4344201WGOOD                          060794002    1   40811027060794002    1   12426021060794002    1
              7460     20180217   4644201WGOOD                          060794002    1   26811027060794002    1   14426021060794002    1
              7460     20180218   4044201WGOOD                          060794002    1   29811027060794002    1    7426021060794002    1
              7460     20180219   4044201WGOOD                          060794002    1   22811027060794002    1    7426021060794002    1
              7460     20180220   3944201WGOOD                          060794002    1   18811027060794002    1    8426021060794002    1
              7460     20180221   3644201WGOOD                          060794002    1   15811027060794002    1    7426021060794002    1
              7460     20180222   4144201WGOOD                          060794002    1   19426021060794002    1   17811027060794002    1
              7460     20180223   4044201WGOOD                          060794002    1   16811027060794002    1    8426021060794002    1
              7460     20180224   4144201WGOOD                          060794002    1   26811027060794002    1    4426021060794002    1
              7460     20180225   4244201WGOOD                          060794002    1   11811027060794002    1    2426021060794002    1
              7460     20180226   3044201WGOOD                          060794002    1   19426021060794002    1   10811027060794002    1
              7460     20180227   3744201WGOOD                          060794002    1    9426021060794002    1    8811027060794002    1
              7460     20180228   4144201WGOOD                          060794002    1   14811027060794002    1    8426021060794002    1
              7460     20180301   3844201WGOOD                          060794002    1   11811027060794002    1    5426021060794002    1
              7460     20180302   4144201WGOOD                          060794002    1    8811027060794002    1    3426021060794002    1
              7460     20180303   4144201WGOOD                          060794002    1    7811027060794002    1    6426021060794002    1
              7460     20180304   4044201WGOOD                          060794002    1   12811027060794002    1    2426021060794002    1
              7460     20180305   4344201WGOOD                          060794002    1   10811027060794002    1    6426021060794002    1
              7460     20180306   4544201WGOOD                          060794002    1   15426021060794002    1   12811027060794002    1
              7460     20180307   4244201WGOOD                          060794002    1   19426021060794002    1   14811027060794002    1
              7460     20180308   3644201WGOOD                          060794002    1   17426021060794002    1   14811027060794002    1
              7460     20180309   2844201WGOOD                          060794002    1    9811027060794002    1    5426021060794002    1
              7460     20180310   3144201WGOOD                          060794002    1   11811027060794002    1    6426021060794002    1
              7460     20180311   3044201WGOOD                          060794002    1    5426021060794002    1    5811027060794002    1
              7460     20180312   2744201WGOOD                          060794002    1    6426021060794002    1    6811027060794002    1
              7460     20180313   3444201WGOOD                          060794002    1    1426021060794002    1    0811027060794002    1
              7460     20180314   3744201WGOOD                          060794002    1   10426021060794002    1    6811027060794002    1
              7460     20180315   3944201WGOOD                          060794002    1   14811027060794002    1    6426021060794002    1
              7460     20180316   3944201WGOOD                          060794002    1    8426021060794002    1    7811027060794002    1
              7460     20180317   3944201WGOOD                          060794002    1    8426021060794002    1    8811027060794002    1
              7460     20180318   3744201WGOOD                          060794002    1   10811027060794002    1    8426021060794002    1
              7460     20180319   4144201WGOOD                          060794002    1   14426021060794002    1    9811027060794002    1
              7460     20180320   3644201WGOOD                          060794002    1    8426021060794002    1    7811027060794002    1
              7460     20180321   2844201WGOOD                          060794002    1    2426021060794002    1    2811027060794002    1
              7460     20180322   3744201WGOOD                          060794002    1    5811027060794002    1    1426021060794002    1
              7460     20180323   3844201WGOOD                          060794002    1   23811027060794002    1    2426021060794002    1
              7460     20180324   4244201WGOOD                          060794002    1   13811027060794002    1    3426021060794002    1
              7460     20180325   3944201WGOOD                          060794002    1   18811027060794002    1    5426021060794002    1
              7460     20180326   3844201WGOOD                          060794002    1   18811027060794002    1    4426021060794002    1
              7460     20180327   4044201WGOOD                          060794002    1   16811027060794002    1    7426021060794002    1
              7460     20180328   3644201WGOOD                          060794002    1   19811027060794002    1    9426021060794002    1
              7460     20180329   3244201WGOOD                          060794002    1   14811027060794002    1   10426021060794002    1
              7460     20180330   4344201WGOOD                          060794002    1   19811027060794002    1    8426021060794002    1
              7460     20180331   4144201WGOOD                          060794002    1   15811027060794002    1    6426021060794002    1
              7460     20180401   3544201WGOOD                          060794002    1   18811027060794002    1    1426021060794002    1
              7460     20180402   3444201WGOOD                          060794002    1   33811027060794002    1    1426021060794002    1
              7460     20180403   3944201WGOOD                          060794002    1   20811027060794002    1    3426021060794002    1
              7460     20180404   3744201WGOOD                          060794002    1   26811027060794002    1    3426021060794002    1
              7460     20180405   4544201WGOOD                          060794002    1   22811027060794002    1    4426021060794002    1
              7460     20180406   2644201WGOOD                          060794002    1   12811027060794002    1    4426021060794002    1
              7460     20180407   3544201WGOOD                          060794002    1   12811027060794002    1    4426021060794002    1
              7460     20180408   4444201WGOOD                          060794002    1   17811027060794002    1    1426021060794002    1
              7460     20180409   4544201WGOOD                          060794002    1    5426021060794002    1
              7460     20180410   3944201WGOOD                          060794002    1   11426021060794002    1
              7460     20180411   4244201WGOOD                          060794002    1    3426021060794002    1
              7460     20180412   4844201WGOOD                          060794002    1    1426021060794002    1
              7460     20180413   4644201WGOOD                          060794002    1    2426021060794002    1
              7460     20180414   4744201WGOOD                          060794002    1   31811027060794002    1    4426021060794002    1
              7460     20180415   4044201WGOOD                          060794002    1   32811027060794002    1    2426021060794002    1
              7460     20180416   4444201WGOOD                          060794002    1   14426021060794002    1    9811027060794002    1
              7460     20180417   4244201WGOOD                          060794002    1   19811027060794002    1    7426021060794002    1
              7460     20180418   4344201WGOOD                          060794002    1   23811027060794002    1   10426021060794002    1
              7460     20180419   3744201WGOOD                          060794002    1   16811027060794002    1    7426021060794002    1
              7460     20180420   3844201WGOOD                          060794002    1   36811027060794002    1    5426021060794002    1
              7460     20180421   4044201WGOOD                          060794002    1   23811027060794002    1    6426021060794002    1
              7460     20180422   3944201WGOOD                          060794002    1   34811027060794002    1    7426021060794002    1
              7460     20180423   3844201WGOOD                          060794002    1   13811027060794002    1    4426021060794002    1
              7460     20180424   3744201WGOOD                          060794002    1   16811027060794002    1    3426021060794002    1
              7460     20180425   3944201WGOOD                          060794002    1   17811027060794002    1    3426021060794002    1
              7460     20180426   4144201WGOOD                          060794002    1   23811027060794002    1    3426021060794002    1
              7460     20180427   4144201WGOOD                          060794002    1   31811027060794002    1    3426021060794002    1
              7460     20180428   4444201WGOOD                          060794002    1   31811027060794002    1    0426021060794002    1
              7460     20180429   4244201WGOOD                          060794002    1   25811027060794002    1    1426021060794002    1
              7460     20180430   4544201WGOOD                          060794002    1   34811027060794002    1    3426021060794002    1
              7460     20180501   4244201WGOOD                          060794002    1   29811027060794002    1
              7460     20180502   4244201WGOOD                          060794002    1   19811027060794002    1    7426021060794002    1
              7460     20180503   3744201WGOOD                          060794002    1   25811027060794002    1    5426021060794002    1
              7460     20180504   4044201WGOOD                          060794002    1   20811027060794002    1    3426021060794002    1
              7460     20180505   3744201WGOOD                          060794002    1   16811027060794002    1    2426021060794002    1
              7460     20180506   3644201WGOOD                          060794002    1   20811027060794002    1    2426021060794002    1
              7460     20180507   42811027GOOD                          060794002    1   3744201W060794002    1   10426021060794002    1
              7460     20180508   3344201WGOOD                          060794002    1   26811027060794002    1    9426021060794002    1
              7460     20180509   45811027GOOD                          060794002    1   3444201W060794002    1    4426021060794002    1
              7460     20180510   44811027GOOD                          060794002    1   3844201W060794002    1    3426021060794002    1
              7460     20180511   3844201WGOOD                          060794002    1   23811027060794002    1    1426021060794002    1
              7460     20180512   4144201WGOOD                          060794002    1   31811027060794002    1    2426021060794002    1
              7460     20180513   4044201WGOOD                          060794002    1   23811027060794002    1    4426021060794002    1
              7460     20180514   3844201WGOOD                          060794002    1   16811027060794002    1    8426021060794002    1
              7460     20180515   3644201WGOOD                          060794002    1   10811027060794002    1    8426021060794002    1
              7460     20180516   3644201WGOOD                          060794002    1   14811027060794002    1    4426021060794002    1
              7460     20180517   41811027GOOD                          060794002    1   3244201W060794002    1    5426021060794002    1
              7460     20180518   2944201WGOOD                          060794002    1   25811027060794002    1    0426021060794002    1
              7460     20180519   3344201WGOOD                          060794002    1   31811027060794002    1    1426021060794002    1
              7460     20180520   3544201WGOOD                          060794002    1   35811027060794002    1    0426021060794002    1
              7460     20180521   3244201WGOOD                          060794002    1   20811027060794002    1    1426021060794002    1
              7460     20180522   3144201WGOOD                          060794002    1    9811027060794002    1    0426021060794002    1
              7460     20180523   3644201WGOOD                          060794002    1    9811027060794002    1    0426021060794002    1
              7460     20180524   3444201WGOOD                          060794002    1    9811027060794002    1    3426021060794002    1
              7460     20180525   3244201WGOOD                          060794002    1    7426021060794002    1    7811027060794002    1
              7460     20180526   32811027GOOD                          060794002    1   3144201W060794002    1    0426021060794002    1
              7460     20180527   42811027GOOD                          060794002    1   3144201W060794002    1    0426021060794002    1
              7460     20180528   3144201WGOOD                          060794002    1   16811027060794002    1    1426021060794002    1
              7460     20180529   3144201WGOOD                          060794002    1    9811027060794002    1    1426021060794002    1
              7460     20180530   3444201WGOOD                          060794002    1   18811027060794002    1    1426021060794002    1
              7460     20180531   43811027GOOD                          060794002    1   3344201W060794002    1    4426021060794002    1
              7460     20180601   54811027MODERATE                      060794002    1   3644201W060794002    1    9426021060794002    1
              7460     20180602   4444201WGOOD                          060794002    1   39811027060794002    1    7426021060794002    1
              7460     20180603   3344201WGOOD                          060794002    1   21811027060794002    1    3426021060794002    1
              7460     20180604   3444201WGOOD                          060794002    1   27811027060794002    1    3426021060794002    1
              7460     20180605   40811027GOOD                          060794002    1   3544201W060794002    1    3426021060794002    1
              7460     20180606   3244201WGOOD                          060794002    1   30811027060794002    1    1426021060794002    1
              7460     20180607   40811027GOOD                          060794002    1   3644201W060794002    1    2426021060794002    1
              7460     20180608   56811027MODERATE                      060794002    1   3744201W060794002    1    8426021060794002    1
              7460     20180609   48811027GOOD                          060794002    1   3344201W060794002    1    4426021060794002    1
              7460     20180610   4044201WGOOD                          060794002    1   31811027060794002    1    1426021060794002    1
              7460     20180611   52811027MODERATE                      060794002    1   3744201W060794002    1    1426021060794002    1
              7460     20180612   3444201WGOOD                          060794002    1   22811027060794002    1    6426021060794002    1
              7460     20180613   3344201WGOOD                          060794002    1   29811027060794002    1    8426021060794002    1
              7460     20180614   2644201WGOOD                          060794002    1   24811027060794002    1    2426021060794002    1
              7460     20180615   3144201WGOOD                          060794002    1   17811027060794002    1    1426021060794002    1
              7460     20180616   3044201WGOOD                          060794002    1   15811027060794002    1    0426021060794002    1
              7460     20180617   3444201WGOOD                          060794002    1   20811027060794002    1    2426021060794002    1
              7460     20180618   41811027GOOD                          060794002    1   3144201W060794002    1    4426021060794002    1
              7460     20180619   3344201WGOOD                          060794002    1   25811027060794002    1    1426021060794002    1
              7460     20180620   3044201WGOOD                          060794002    1   27811027060794002    1    2426021060794002    1
              7460     20180621   2644201WGOOD                          060794002    1   24811027060794002    1    2426021060794002    1
              7460     20180622   2544201WGOOD                          060794002    1   20811027060794002    1    2426021060794002    1
              7460     20180623   3444201WGOOD                          060794002    1   21811027060794002    1    3426021060794002    1
              7460     20180624   2944201WGOOD                          060794002    1   19811027060794002    1    0426021060794002    1
              7460     20180625   3144201WGOOD                          060794002    1   15811027060794002    1    1426021060794002    1
              7460     20180626   3144201WGOOD                          060794002    1   15811027060794002    1    2426021060794002    1
              7460     20180627   3044201WGOOD                          060794002    1   19811027060794002    1    2426021060794002    1
              7460     20180628   46811027GOOD                          060794002    1   3144201W060794002    1    1426021060794002    1
              7460     20180629   3144201WGOOD                          060794002    1   31811027060794002    1    2426021060794002    1
              7460     20180630   3544201WGOOD                          060794002    1   25811027060794002    1    4426021060794002    1
              7460     20180701   3144201WGOOD                          060794002    1   19811027060794002    1    4426021060794002    1
              7460     20180702   3044201WGOOD                          060794002    1   11811027060794002    1    4426021060794002    1
              7460     20180703   3044201WGOOD                          060794002    1   14811027060794002    1    2426021060794002    1
              7460     20180704   3044201WGOOD                          060794002    1   21811027060794002    1    2426021060794002    1
              7460     20180705   3044201WGOOD                          060794002    1   23811027060794002    1    2426021060794002    1
              7460     20180706   51811027MODERATE                      060794002    1   4944201W060794002    1    3426021060794002    1
              7460     20180707   68811027MODERATE                      060794002    1   3944201W060794002    1    3426021060794002    1
              7460     20180708   51811027MODERATE                      060794002    1   3044201W060794002    1    5426021060794002    1
              7460     20180709   51811027MODERATE                      060794002    1   3144201W060794002    1    8426021060794002    1
              7460     20180710   41811027GOOD                          060794002    1   2744201W060794002    1    3426021060794002    1
              7460     20180711   2344201WGOOD                          060794002    1   17811027060794002    1    1426021060794002    1
              7460     20180712   2644201WGOOD                          060794002    1   12811027060794002    1    3426021060794002    1
              7460     20180713   2644201WGOOD                          060794002    1   11811027060794002    1    2426021060794002    1
              7460     20180714   26811027GOOD                          060794002    1   2244201W060794002    1    1426021060794002    1
              7460     20180715   2444201WGOOD                          060794002    1   15811027060794002    1    0426021060794002    1
              7460     20180716   2744201WGOOD                          060794002    1   15811027060794002    1    1426021060794002    1
              7460     20180717   2944201WGOOD                          060794002    1   14811027060794002    1    1426021060794002    1
              7460     20180718   2844201WGOOD                          060794002    1   13811027060794002    1    2426021060794002    1
              7460     20180719   3144201WGOOD                          060794002    1   19811027060794002    1    6426021060794002    1
              7460     20180720   3044201WGOOD                          060794002    1   14811027060794002    1    2426021060794002    1
              7460     20180721   2044201WGOOD                          060794002    1    9811027060794002    1    1426021060794002    1
              7460     20180722   2344201WGOOD                          060794002    1   13811027060794002    1    1426021060794002    1
              7460     20180723   54811027MODERATE                      060794002    1   2644201W060794002    1    4426021060794002    1
              7460     20180724   44811027GOOD                          060794002    1   3144201W060794002    1    3426021060794002    1
              7460     20180725   41811027GOOD                          060794002    1   3144201W060794002    1    5426021060794002    1
              7460     20180726   21811027GOOD                          060794002    1    2426021060794002    1
              7460     20180727   2444201WGOOD                          060794002    1   15811027060794002    1    2426021060794002    1
              7460     20180728   2244201WGOOD                          060794002    1   12811027060794002    1    2426021060794002    1
              7460     20180729   2644201WGOOD                          060794002    1   17811027060794002    1    1426021060794002    1
              7460     20180730   2744201WGOOD                          060794002    1   12811027060794002    1    2426021060794002    1
              7460     20180731   2944201WGOOD                          060794002    1   17811027060794002    1    3426021060794002    1
              7460     20180801   2844201WGOOD                          060794002    1   17811027060794002    1    2426021060794002    1
              7460     20180802   2244201WGOOD                          060794002    1   16811027060794002    1    3426021060794002    1
              7460     20180803   2044201WGOOD                          060794002    1   17811027060794002    1    3426021060794002    1
              7460     20180804   26811027GOOD                          060794002    1   2544201W060794002    1    6426021060794002    1
              7460     20180805   31811027GOOD                          060794002    1   2144201W060794002    1    5426021060794002    1
              7460     20180806   48811027GOOD                          060794002    1   4244201W060794002    1    7426021060794002    1
              7460     20180807   44811027GOOD                          060794002    1   2744201W060794002    1    7426021060794002    1
              7460     20180808   4144201WGOOD                          060794002    1   22811027060794002    1    8426021060794002    1
              7460     20180809   3944201WGOOD                          060794002    1   30811027060794002    1   11426021060794002    1
              7460     20180810   3544201WGOOD                          060794002    1   26811027060794002    1    5426021060794002    1
              7460     20180811   3044201WGOOD                          060794002    1   26811027060794002    1    8426021060794002    1
              7460     20180812   2344201WGOOD                          060794002    1   18811027060794002    1    2426021060794002    1
              7460     20180813   2444201WGOOD                          060794002    1   13811027060794002    1    2426021060794002    1
              7460     20180814   3044201WGOOD                          060794002    1   13811027060794002    1    4426021060794002    1
              7460     20180815   3044201WGOOD                          060794002    1   24811027060794002    1    3426021060794002    1
              7460     20180816   3544201WGOOD                          060794002    1   29811027060794002    1    4426021060794002    1
              7460     20180817   3544201WGOOD                          060794002    1   35811027060794002    1    3426021060794002    1
              7460     20180818   3644201WGOOD                          060794002    1   30811027060794002    1    2426021060794002    1
              7460     20180819   3244201WGOOD                          060794002    1   21811027060794002    1    1426021060794002    1
              7460     20180820   3744201WGOOD                          060794002    1   29811027060794002    1    2426021060794002    1
              7460     20180821   3944201WGOOD                          060794002    1   20811027060794002    1    2426021060794002    1
              7460     20180822   4044201WGOOD                          060794002    1   25811027060794002    1    2426021060794002    1
              7460     20180823   51811027MODERATE                      060794002    1   4344201W060794002    1    4426021060794002    1
              7460     20180824   56811027MODERATE                      060794002    1   5144201W060794002    1    3426021060794002    1
              7460     20180825   3844201WGOOD                          060794002    1   32811027060794002    1    4426021060794002    1
              7460     20180826   3344201WGOOD                          060794002    1   22811027060794002    1    3426021060794002    1
              7460     20180827   2944201WGOOD                          060794002    1   17811027060794002    1    3426021060794002    1
              7460     20180828   2244201WGOOD                          060794002    1   19811027060794002    1    2426021060794002    1
              7460     20180829   3344201WGOOD                          060794002    1   19811027060794002    1    7426021060794002    1
              7460     20180830   3444201WGOOD                          060794002    1   31811027060794002    1    8426021060794002    1
              7460     20180831   50811027GOOD                          060794002    1   3144201W060794002    1    6426021060794002    1
              7460     20180901   54811027MODERATE                      060794002    1   2644201W060794002    1    7426021060794002    1
              7460     20180902   3244201WGOOD                          060794002    1   26811027060794002    1    2426021060794002    1
              7460     20180903   3644201WGOOD                          060794002    1   15811027060794002    1    2426021060794002    1
              7460     20180904   3244201WGOOD                          060794002    1   14811027060794002    1    3426021060794002    1
              7460     20180905   3244201WGOOD                          060794002    1   12811027060794002    1    2426021060794002    1
              7460     20180906   3144201WGOOD                          060794002    1   19811027060794002    1    2426021060794002    1
              7460     20180907   3044201WGOOD                          060794002    1   22811027060794002    1    3426021060794002    1
              7460     20180908   32811027GOOD                          060794002    1   2544201W060794002    1    7426021060794002    1
              7460     20180909   30811027GOOD                          060794002    1   2844201W060794002    1    7426021060794002    1
              7460     20180910   3144201WGOOD                          060794002    1   24811027060794002    1    6426021060794002    1
              7460     20180911   2944201WGOOD                          060794002    1   24811027060794002    1    7426021060794002    1
              7460     20180912   33811027GOOD                          060794002    1   3144201W060794002    1    7426021060794002    1
              7460     20180913   31811027GOOD                          060794002    1   2944201W060794002    1    5426021060794002    1
              7460     20180914   3144201WGOOD                          060794002    1   29811027060794002    1   10426021060794002    1
              7460     20180915   42811027GOOD                          060794002    1   3044201W060794002    1    5426021060794002    1
              7460     20180916   33811027GOOD                          060794002    1   3144201W060794002    1    7426021060794002    1
              7460     20180917   3244201WGOOD                          060794002    1   27811027060794002    1    5426021060794002    1
              7460     20180918   35811027GOOD                          060794002    1   3144201W060794002    1    4426021060794002    1
              7460     20180919   54811027MODERATE                      060794002    1   3744201W060794002    1    8426021060794002    1
              7460     20180920   51811027MODERATE                      060794002    1   4644201W060794002    1   10426021060794002    1
              7460     20180921   4644201WGOOD                          060794002    1   20811027060794002    1    7426021060794002    1
              7460     20180922   3844201WGOOD                          060794002    1   13811027060794002    1    2426021060794002    1
              7460     20180923   3344201WGOOD                          060794002    1   16811027060794002    1    2426021060794002    1
              7460     20180924   2944201WGOOD                          060794002    1   19811027060794002    1    4426021060794002    1
              7460     20180925   3244201WGOOD                          060794002    1   26811027060794002    1    5426021060794002    1
              7460     20180926   3544201WGOOD                          060794002    1   34811027060794002    1    4426021060794002    1
              7460     20180927   3644201WGOOD                          060794002    1   19811027060794002    1    4426021060794002    1
              7460     20180928   3744201WGOOD                          060794002    1   19811027060794002    1    4426021060794002    1
              7460     20180929   3644201WGOOD                          060794002    1   23811027060794002    1    7426021060794002    1
              7460     20180930   2944201WGOOD                          060794002    1   21811027060794002    1    5426021060794002    1
              7460     20181001   2944201WGOOD                          060794002    1   19811027060794002    1    6426021060794002    1
              7460     20181002   2344201WGOOD                          060794002    1   18811027060794002    1   11426021060794002    1
              7460     20181003   1944201WGOOD                          060794002    1   10811027060794002    1    8426021060794002    1
              7460     20181004   2544201WGOOD                          060794002    1    9811027060794002    1    8426021060794002    1
              7460     20181005   3044201WGOOD                          060794002    1   24811027060794002    1
              7460     20181006   32811027GOOD                          060794002    1   3144201W060794002    1
              7460     20181007   3144201WGOOD                          060794002    1   31811027060794002    1
              7460     20181008   4044201WGOOD                          060794002    1   31811027060794002    1
              7460     20181009   3644201WGOOD                          060794002    1   19811027060794002    1
              7460     20181010   3644201WGOOD                          060794002    1   20811027060794002    1
              7460     20181011   3544201WGOOD                          060794002    1   16811027060794002    1
              7460     20181012   4444201WGOOD                          060794002    1   33811027060794002    1
              7460     20181013   3844201WGOOD                          060794002    1   23811027060794002    1
              7460     20181014   3644201WGOOD                          060794002    1   20811027060794002    1
              7460     20181015   3744201WGOOD                          060794002    1   31811027060794002    1
              7460     20181016   4444201WGOOD                          060794002    1   41811027060794002    1
              7460     20181017   3844201WGOOD                          060794002    1   24811027060794002    1
              7460     20181018   3944201WGOOD                          060794002    1   24811027060794002    1
              7460     20181019   4944201WGOOD                          060794002    1   38811027060794002    1    5426021060794002    1
              7460     20181020   4644201WGOOD                          060794002    1   39811027060794002    1   11426021060794002    1
              7460     20181021   3844201WGOOD                          060794002    1   28811027060794002    1    8426021060794002    1
              7460     20181022   3544201WGOOD                          060794002    1   24811027060794002    1    9426021060794002    1
              7460     20181023   3444201WGOOD                          060794002    1   31811027060794002    1    8426021060794002    1
              7460     20181024   4144201WGOOD                          060794002    1   34811027060794002    1   12426021060794002    1
              7460     20181025   4444201WGOOD                          060794002    1   38811027060794002    1   13426021060794002    1
              7460     20181026   4144201WGOOD                          060794002    1   29811027060794002    1    8426021060794002    1
              7460     20181027   3144201WGOOD                          060794002    1   25811027060794002    1   10426021060794002    1
              7460     20181028   31811027GOOD                          060794002    1   3044201W060794002    1    6426021060794002    1
              7460     20181029   3744201WGOOD                          060794002    1   33811027060794002    1    5426021060794002    1
              7460     20181030   38811027GOOD                          060794002    1   3644201W060794002    1    2426021060794002    1
              7460     20181031   42811027GOOD                          060794002    1   3844201W060794002    1    8426021060794002    1
              7460     20181101   4944201WGOOD                          060794002    1   42811027060794002    1   19426021060794002    1
              7460     20181102   3844201WGOOD                          060794002    1   32811027060794002    1   11426021060794002    1
              7460     20181103   4244201WGOOD                          060794002    1   33811027060794002    1    5426021060794002    1
              7460     20181104   4244201WGOOD                          060794002    1   39811027060794002    1    6426021060794002    1
              7460     20181105   2944201WGOOD                          060794002    1   29811027060794002    1   13426021060794002    1
              7460     20181106   3844201WGOOD                          060794002    1   31811027060794002    1   14426021060794002    1
              7460     20181107   4044201WGOOD                          060794002    1   31811027060794002    1   15426021060794002    1
              7460     20181108   4444201WGOOD                          060794002    1   42811027060794002    1   12426021060794002    1
              7460     20181109   4444201WGOOD                          060794002    1   38811027060794002    1    8426021060794002    1
              7460     20181110   44811027GOOD                          060794002    1   3944201W060794002    1   17426021060794002    1
              7460     20181111   4544201WGOOD                          060794002    1   41811027060794002    1   12426021060794002    1
              7460     20181112   4444201WGOOD                          060794002    1   39811027060794002    1   12426021060794002    1
              7460     20181113   4244201WGOOD                          060794002    1   32811027060794002    1   18426021060794002    1
              7460     20181114   4244201WGOOD                          060794002    1   31811027060794002    1   12426021060794002    1
              7460     20181115   4144201WGOOD                          060794002    1   33811027060794002    1   24426021060794002    1
              7460     20181116   45811027GOOD                          060794002    1   4444201W060794002    1   12426021060794002    1
              7460     20181117   4644201WGOOD                          060794002    1   45811027060794002    1   12426021060794002    1
              7460     20181118   4544201WGOOD                          060794002    1   44811027060794002    1   13426021060794002    1
              7460     20181119   4044201WGOOD                          060794002    1   37811027060794002    1   16426021060794002    1
              7460     20181120   3744201WGOOD                          060794002    1   25811027060794002    1   12426021060794002    1
              7460     20181121   3444201WGOOD                          060794002    1   18811027060794002    1    6426021060794002    1
              7460     20181122   3544201WGOOD                          060794002    1   10811027060794002    1    7426021060794002    1
              7460     20181123   2744201WGOOD                          060794002    1    8426021060794002    1    8811027060794002    1
              7460     20181124   2944201WGOOD                          060794002    1   12811027060794002    1    2426021060794002    1
              7460     20181125   3144201WGOOD                          060794002    1   15426021060794002    1   13811027060794002    1
              7460     20181126   3144201WGOOD                          060794002    1   14811027060794002    1   13426021060794002    1
              7460     20181127   2944201WGOOD                          060794002    1   16811027060794002    1   15426021060794002    1
              7460     20181128   3144201WGOOD                          060794002    1    7426021060794002    1    6811027060794002    1
              7460     20181129   3644201WGOOD                          060794002    1   19811027060794002    1    1426021060794002    1
              7460     20181130   3244201WGOOD                          060794002    1   20811027060794002    1    3426021060794002    1
              7460     20181201   3444201WGOOD                          060794002    1   11811027060794002    1    3426021060794002    1
              7460     20181202   3244201WGOOD                          060794002    1   10811027060794002    1    6426021060794002    1
              7460     20181203   3344201WGOOD                          060794002    1   18426021060794002    1   11811027060794002    1
              7460     20181204   3744201WGOOD                          060794002    1   14811027060794002    1   12426021060794002    1
              7460     20181205   3444201WGOOD                          060794002    1    6811027060794002    1    4426021060794002    1
              7460     20181206   2244201WGOOD                          060794002    1    7426021060794002    1    7811027060794002    1
              7460     20181207    8811027GOOD                          060794002    1    5426021060794002    1
              7460     20181208   3044201WGOOD                          060794002    1   16426021060794002    1   11811027060794002    1
              7460     20181209   2544201WGOOD                          060794002    1   12811027060794002    1    8426021060794002    1
              7460     20181210   2844201WGOOD                          060794002    1   12426021060794002    1    9811027060794002    1
              7460     20181211   3144201WGOOD                          060794002    1   11811027060794002    1    3426021060794002    1
              7460     20181212   3244201WGOOD                          060794002    1    9811027060794002    1    4426021060794002    1
              7460     20181213   3544201WGOOD                          060794002    1   18811027060794002    1   16426021060794002    1
              7460     20181214   3344201WGOOD                          060794002    1   19811027060794002    1   16426021060794002    1
              7460     20181215   3244201WGOOD                          060794002    1   16811027060794002    1    9426021060794002    1
              7460     20181216   3244201WGOOD                          060794002    1   11811027060794002    1    8426021060794002    1
              7460     20181217   3444201WGOOD                          060794002    1   12426021060794002    1   11811027060794002    1
              7460     20181218   3344201WGOOD                          060794002    1    6811027060794002    1    2426021060794002    1
              7460     20181219   3344201WGOOD                          060794002    1   21426021060794002    1   15811027060794002    1
              7460     20181220   2444201WGOOD                          060794002    1   16811027060794002    1   14426021060794002    1
              7460     20181221   2744201WGOOD                          060794002    1   18811027060794002    1   12426021060794002    1
              7460     20181222   2744201WGOOD                          060794002    1   16811027060794002    1   11426021060794002    1
              7460     20181223   3044201WGOOD                          060794002    1   17811027060794002    1    8426021060794002    1
              7460     20181224   3144201WGOOD                          060794002    1   15811027060794002    1    2426021060794002    1
              7460     20181225   3144201WGOOD                          060794002    1   11811027060794002    1    1426021060794002    1
              7460     20181226   2944201WGOOD                          060794002    1    7811027060794002    1    3426021060794002    1
              7460     20181227   3044201WGOOD                          060794002    1    8811027060794002    1    4426021060794002    1
              7460     20181228   3144201WGOOD                          060794002    1    7811027060794002    1    5426021060794002    1
              7460     20181229   3144201WGOOD                          060794002    1   17811027060794002    1    8426021060794002    1
              7460     20181230   3144201WGOOD                          060794002    1   19811027060794002    1    8426021060794002    1
              7460     20181231   3244201WGOOD                          060794002    1   12811027060794002    1    4426021060794002    1
# 365 records written to the file
