# STATE_CODE(1,2); COUNTY_CODE(3,3); CITY_CODE(6,5); UAR_CODE(11,4); MSA_CODE(15,4); CBSA_CODE (19,5); AQI_DATE(24,8); AQI_VALUE1(32,5); PARAMETER_CODE1(37,5); DURATION_CODE1(42,1); AQI_CATEGORY(43,30); MAX_AQI_SITE_ID1(73,9); NUM_SITES1(82,5); AQI_VALUE2(87, 5); PARAMETER_CODE2(92, 5); DURATION_CODE2(97, 1); MAX_AQI_SITE_ID2(98, 9); NUM_SITES2(107, 5); AQI_VALUE3(112, 5); PARAMETER_CODE3(117, 5); DURATION_CODE3(122, 1); MAX_AQI_SITE_ID3(123, 9); NUM_SITES3(132, 5); AQI_VALUE4(137, 5); PARAMETER_CODE4(142, 5); DURATION_CODE4(147, 1); MAX_AQI_SITE_ID4(148, 9); NUM_SITES4(157, 5); AQI_VALUE5(162, 5); PARAMETER_CODE5(167, 5); DURATION_CODE5(172, 1); MAX_AQI_SITE_ID5(173, 9); NUM_SITES5(182, 5); AQI_VALUE6(187, 5); PARAMETER_CODE6(192, 5); DURATION_CODE6(197, 1); MAX_AQI_SITE_ID6(198, 9); NUM_SITES6(207, 5); AQI_VALUE7(212, 5); PARAMETER_CODE7(217, 5); DURATION_CODE7(222, 1); MAX_AQI_SITE_ID7(223, 9); NUM_SITES7(232, 5); AQI_VALUE8(237, 5); PARAMETER_CODE8(242, 5); DURATION_CODE8(247, 1); MAX_AQI_SITE_ID8(248, 9); NUM_SITES8(257, 5)
              7460     20180101   16811027GOOD                          060799001    1
              7460     20180102   19811027GOOD                          060799001    1
              7460     20180103   20811027GOOD                          060799001    1
              7460     20180104   11811027GOOD                          060799001    1
              7460     20180105    3811027GOOD                          060799001    1
              7460     20180106   12811027GOOD                          060799001    1
              7460     20180107    9811027GOOD                          060799001    1
              7460     20180108    9811027GOOD                          060799001    1
              7460     20180109   11811027GOOD                          060799001    1
              7460     20180110   29811027GOOD                          060799001    1
              7460     20180111   19811027GOOD                          060799001    1
              7460     20180112   13811027GOOD                          060799001    1
              7460     20180113   23811027GOOD                          060799001    1
              7460     20180114   14811027GOOD                          060799001    1
              7460     20180115   19811027GOOD                          060799001    1
              7460     20180116   23811027GOOD                          060799001    1
              7460     20180117    9811027GOOD                          060799001    1
              7460     20180118   13811027GOOD                          060799001    1
              7460     20180119   22811027GOOD                          060799001    1
              7460     20180120   19811027GOOD                          060799001    1
              7460     20180121   11811027GOOD                          060799001    1
              7460     20180122   16811027GOOD                          060799001    1
              7460     20180123   13811027GOOD                          060799001    1
              7460     20180124   13811027GOOD                          060799001    1
              7460     20180125   10811027GOOD                          060799001    1
              7460     20180126   10811027GOOD                          060799001    1
              7460     20180127    7811027GOOD                          060799001    1
              7460     20180128   17811027GOOD                          060799001    1
              7460     20180129   17811027GOOD                          060799001    1
              7460     20180130   14811027GOOD                          060799001    1
              7460     20180131   21811027GOOD                          060799001    1
              7460     20180201   17811027GOOD                          060799001    1
              7460     20180202   19811027GOOD                          060799001    1
              7460     20180203   18811027GOOD                          060799001    1
              7460     20180204   14811027GOOD                          060799001    1
              7460     20180205   20811027GOOD                          060799001    1
              7460     20180206   21811027GOOD                          060799001    1
              7460     20180207   12811027GOOD                          060799001    1
              7460     20180208   19811027GOOD                          060799001    1
              7460     20180209   19811027GOOD                          060799001    1
              7460     20180210   31811027GOOD                          060799001    1
              7460     20180211   27811027GOOD                          060799001    1
              7460     20180212   16811027GOOD                          060799001    1
              7460     20180213   12811027GOOD                          060799001    1
              7460     20180214   14811027GOOD                          060799001    1
              7460     20180215   15811027GOOD                          060799001    1
              7460     20180216   24811027GOOD                          060799001    1
              7460     20180217   19811027GOOD                          060799001    1
              7460     20180218   30811027GOOD                          060799001    1
              7460     20180219   39811027GOOD                          060799001    1
              7460     20180220   15811027GOOD                          060799001    1
              7460     20180221    8811027GOOD                          060799001    1
              7460     20180222   17811027GOOD                          060799001    1
              7460     20180223   29811027GOOD                          060799001    1
              7460     20180224   18811027GOOD                          060799001    1
              7460     20180225   19811027GOOD                          060799001    1
              7460     20180226   14811027GOOD                          060799001    1
              7460     20180227    7811027GOOD                          060799001    1
              7460     20180302    7811027GOOD                          060799001    1
              7460     20180303    8811027GOOD                          060799001    1
              7460     20180304    7811027GOOD                          060799001    1
              7460     20180310    8811027GOOD                          060799001    1
              7460     20180313    3811027GOOD                          060799001    1
              7460     20180314   12811027GOOD                          060799001    1
              7460     20180315    8811027GOOD                          060799001    1
              7460     20180316    7811027GOOD                          060799001    1
              7460     20180317    8811027GOOD                          060799001    1
              7460     20180318    6811027GOOD                          060799001    1
              7460     20180319    9811027GOOD                          060799001    1
              7460     20180320    6811027GOOD                          060799001    1
              7460     20180321    3811027GOOD                          060799001    1
              7460     20180322    9811027GOOD                          060799001    1
              7460     20180323   18811027GOOD                          060799001    1
              7460     20180324    9811027GOOD                          060799001    1
              7460     20180325   20811027GOOD                          060799001    1
              7460     20180326   19811027GOOD                          060799001    1
              7460     20180327   17811027GOOD                          060799001    1
              7460     20180328   16811027GOOD                          060799001    1
              7460     20180329    5811027GOOD                          060799001    1
              7460     20180330    8811027GOOD                          060799001    1
              7460     20180331    6811027GOOD                          060799001    1
              7460     20180401   16811027GOOD                          060799001    1
              7460     20180402   20811027GOOD                          060799001    1
              7460     20180403   19811027GOOD                          060799001    1
              7460     20180404   20811027GOOD                          060799001    1
              7460     20180405   15811027GOOD                          060799001    1
              7460     20180406   11811027GOOD                          060799001    1
              7460     20180407   16811027GOOD                          060799001    1
              7460     20180408   46811027GOOD                          060799001    1
              7460     20180409   31811027GOOD                          060799001    1
              7460     20180410   22811027GOOD                          060799001    1
              7460     20180411   19811027GOOD                          060799001    1
              7460     20180414   29811027GOOD                          060799001    1
              7460     20180415   31811027GOOD                          060799001    1
              7460     20180416   11811027GOOD                          060799001    1
              7460     20180417   21811027GOOD                          060799001    1
              7460     20180418   22811027GOOD                          060799001    1
              7460     20180419   20811027GOOD                          060799001    1
              7460     20180420   31811027GOOD                          060799001    1
              7460     20180421   26811027GOOD                          060799001    1
              7460     20180422   38811027GOOD                          060799001    1
              7460     20180423   17811027GOOD                          060799001    1
              7460     20180424   14811027GOOD                          060799001    1
              7460     20180425   20811027GOOD                          060799001    1
              7460     20180426   19811027GOOD                          060799001    1
              7460     20180427   30811027GOOD                          060799001    1
              7460     20180428   27811027GOOD                          060799001    1
              7460     20180429   29811027GOOD                          060799001    1
              7460     20180430   33811027GOOD                          060799001    1
              7460     20180501   26811027GOOD                          060799001    1
              7460     20180502   24811027GOOD                          060799001    1
              7460     20180503   18811027GOOD                          060799001    1
              7460     20180504   16811027GOOD                          060799001    1
              7460     20180505   13811027GOOD                          060799001    1
              7460     20180506   14811027GOOD                          060799001    1
              7460     20180507   26811027GOOD                          060799001    1
              7460     20180508   17811027GOOD                          060799001    1
              7460     20180509   28811027GOOD                          060799001    1
              7460     20180510   37811027GOOD                          060799001    1
              7460     20180511   27811027GOOD                          060799001    1
              7460     20180512   33811027GOOD                          060799001    1
              7460     20180513   24811027GOOD                          060799001    1
              7460     20180514   15811027GOOD                          060799001    1
              7460     20180515   11811027GOOD                          060799001    1
              7460     20180516   10811027GOOD                          060799001    1
              7460     20180517   20811027GOOD                          060799001    1
              7460     20180518   15811027GOOD                          060799001    1
              7460     20180519   23811027GOOD                          060799001    1
              7460     20180520   25811027GOOD                          060799001    1
              7460     20180521   22811027GOOD                          060799001    1
              7460     20180522    8811027GOOD                          060799001    1
              7460     20180523    7811027GOOD                          060799001    1
              7460     20180524   10811027GOOD                          060799001    1
              7460     20180525    7811027GOOD                          060799001    1
              7460     20180526   22811027GOOD                          060799001    1
              7460     20180527   21811027GOOD                          060799001    1
              7460     20180528    7811027GOOD                          060799001    1
              7460     20180529    7811027GOOD                          060799001    1
              7460     20180530   25811027GOOD                          060799001    1
              7460     20180531   27811027GOOD                          060799001    1
              7460     20180601   30811027GOOD                          060799001    1
              7460     20180602   33811027GOOD                          060799001    1
              7460     20180603   18811027GOOD                          060799001    1
              7460     20180604   23811027GOOD                          060799001    1
              7460     20180605   30811027GOOD                          060799001    1
              7460     20180606   19811027GOOD                          060799001    1
              7460     20180607   25811027GOOD                          060799001    1
              7460     20180608   34811027GOOD                          060799001    1
              7460     20180609   35811027GOOD                          060799001    1
              7460     20180610   51811027MODERATE                      060799001    1
              7460     20180611   34811027GOOD                          060799001    1
              7460     20180612   11811027GOOD                          060799001    1
              7460     20180613   16811027GOOD                          060799001    1
              7460     20180614   17811027GOOD                          060799001    1
              7460     20180615   17811027GOOD                          060799001    1
              7460     20180616   15811027GOOD                          060799001    1
              7460     20180617   23811027GOOD                          060799001    1
              7460     20180618   18811027GOOD                          060799001    1
              7460     20180619   14811027GOOD                          060799001    1
              7460     20180620   19811027GOOD                          060799001    1
              7460     20180621   18811027GOOD                          060799001    1
              7460     20180622   19811027GOOD                          060799001    1
              7460     20180623   24811027GOOD                          060799001    1
              7460     20180624   17811027GOOD                          060799001    1
              7460     20180625    8811027GOOD                          060799001    1
              7460     20180626   11811027GOOD                          060799001    1
              7460     20180627   14811027GOOD                          060799001    1
              7460     20180628   25811027GOOD                          060799001    1
              7460     20180629   24811027GOOD                          060799001    1
              7460     20180630   28811027GOOD                          060799001    1
              7460     20180701   15811027GOOD                          060799001    1
              7460     20180702    8811027GOOD                          060799001    1
              7460     20180703   12811027GOOD                          060799001    1
              7460     20180704   16811027GOOD                          060799001    1
              7460     20180705   17811027GOOD                          060799001    1
              7460     20180706   38811027GOOD                          060799001    1
              7460     20180707   46811027GOOD                          060799001    1
              7460     20180708   44811027GOOD                          060799001    1
              7460     20180709   39811027GOOD                          060799001    1
              7460     20180710   33811027GOOD                          060799001    1
              7460     20180711    9811027GOOD                          060799001    1
              7460     20180712    5811027GOOD                          060799001    1
              7460     20180713    4811027GOOD                          060799001    1
              7460     20180714    8811027GOOD                          060799001    1
              7460     20180715    6811027GOOD                          060799001    1
              7460     20180716    8811027GOOD                          060799001    1
              7460     20180717    8811027GOOD                          060799001    1
              7460     20180718    3811027GOOD                          060799001    1
              7460     20180719    5811027GOOD                          060799001    1
              7460     20180720    4811027GOOD                          060799001    1
              7460     20180721    1811027GOOD                          060799001    1
              7460     20180722    6811027GOOD                          060799001    1
              7460     20180723   19811027GOOD                          060799001    1
              7460     20180724   20811027GOOD                          060799001    1
              7460     20180725   22811027GOOD                          060799001    1
              7460     20180726   13811027GOOD                          060799001    1
              7460     20180727    9811027GOOD                          060799001    1
              7460     20180728    4811027GOOD                          060799001    1
              7460     20180729    3811027GOOD                          060799001    1
              7460     20180730    3811027GOOD                          060799001    1
              7460     20180731    5811027GOOD                          060799001    1
              7460     20180801    7811027GOOD                          060799001    1
              7460     20180802   15811027GOOD                          060799001    1
              7460     20180803   12811027GOOD                          060799001    1
              7460     20180804   18811027GOOD                          060799001    1
              7460     20180805   28811027GOOD                          060799001    1
              7460     20180806   36811027GOOD                          060799001    1
              7460     20180807   24811027GOOD                          060799001    1
              7460     20180808    7811027GOOD                          060799001    1
              7460     20180809    4811027GOOD                          060799001    1
              7460     20180810    5811027GOOD                          060799001    1
              7460     20180811    6811027GOOD                          060799001    1
              7460     20180812   12811027GOOD                          060799001    1
              7460     20180813    8811027GOOD                          060799001    1
              7460     20180814   14811027GOOD                          060799001    1
              7460     20180815   17811027GOOD                          060799001    1
              7460     20180816   23811027GOOD                          060799001    1
              7460     20180817   28811027GOOD                          060799001    1
              7460     20180818   25811027GOOD                          060799001    1
              7460     20180819   22811027GOOD                          060799001    1
              7460     20180820   28811027GOOD                          060799001    1
              7460     20180821   23811027GOOD                          060799001    1
              7460     20180822   21811027GOOD                          060799001    1
              7460     20180823   43811027GOOD                          060799001    1
              7460     20180824   48811027GOOD                          060799001    1
              7460     20180825   29811027GOOD                          060799001    1
              7460     20180826   22811027GOOD                          060799001    1
              7460     20180827   18811027GOOD                          060799001    1
              7460     20180828   13811027GOOD                          060799001    1
              7460     20180829   19811027GOOD                          060799001    1
              7460     20180830   24811027GOOD                          060799001    1
              7460     20180831   34811027GOOD                          060799001    1
              7460     20180901   30811027GOOD                          060799001    1
              7460     20180902   18811027GOOD                          060799001    1
              7460     20180903   10811027GOOD                          060799001    1
              7460     20180904   13811027GOOD                          060799001    1
              7460     20180905   11811027GOOD                          060799001    1
              7460     20180906   15811027GOOD                          060799001    1
              7460     20180907   19811027GOOD                          060799001    1
              7460     20180908   24811027GOOD                          060799001    1
              7460     20180909   24811027GOOD                          060799001    1
              7460     20180910   19811027GOOD                          060799001    1
              7460     20180911   22811027GOOD                          060799001    1
              7460     20180912   26811027GOOD                          060799001    1
              7460     20180913   25811027GOOD                          060799001    1
              7460     20180914   23811027GOOD                          060799001    1
              7460     20180915   24811027GOOD                          060799001    1
              7460     20180916   21811027GOOD                          060799001    1
              7460     20180917   16811027GOOD                          060799001    1
              7460     20180918   22811027GOOD                          060799001    1
              7460     20180919   31811027GOOD                          060799001    1
              7460     20180922   11811027GOOD                          060799001    1
              7460     20180923   10811027GOOD                          060799001    1
              7460     20180924   16811027GOOD                          060799001    1
              7460     20180925   25811027GOOD                          060799001    1
              7460     20180926   25811027GOOD                          060799001    1
              7460     20180927   16811027GOOD                          060799001    1
              7460     20180928   17811027GOOD                          060799001    1
              7460     20180929   18811027GOOD                          060799001    1
              7460     20180930   11811027GOOD                          060799001    1
              7460     20181001    8811027GOOD                          060799001    1
              7460     20181002    8811027GOOD                          060799001    1
              7460     20181003    6811027GOOD                          060799001    1
              7460     20181004    8811027GOOD                          060799001    1
              7460     20181005   24811027GOOD                          060799001    1
              7460     20181006   35811027GOOD                          060799001    1
              7460     20181007   28811027GOOD                          060799001    1
              7460     20181008   35811027GOOD                          060799001    1
              7460     20181009   23811027GOOD                          060799001    1
              7460     20181010   21811027GOOD                          060799001    1
              7460     20181011   16811027GOOD                          060799001    1
              7460     20181012   29811027GOOD                          060799001    1
              7460     20181013   28811027GOOD                          060799001    1
              7460     20181014   19811027GOOD                          060799001    1
              7460     20181015   25811027GOOD                          060799001    1
              7460     20181016   30811027GOOD                          060799001    1
              7460     20181017   20811027GOOD                          060799001    1
              7460     20181018   22811027GOOD                          060799001    1
              7460     20181019   40811027GOOD                          060799001    1
              7460     20181021   21811027GOOD                          060799001    1
              7460     20181022   25811027GOOD                          060799001    1
              7460     20181023   21811027GOOD                          060799001    1
              7460     20181024   19811027GOOD                          060799001    1
              7460     20181025   25811027GOOD                          060799001    1
              7460     20181026   28811027GOOD                          060799001    1
              7460     20181027   12811027GOOD                          060799001    1
              7460     20181028   19811027GOOD                          060799001    1
              7460     20181029   32811027GOOD                          060799001    1
              7460     20181102   29811027GOOD                          060799001    1
              7460     20181103   33811027GOOD                          060799001    1
              7460     20181104   40811027GOOD                          060799001    1
              7460     20181105   22811027GOOD                          060799001    1
              7460     20181106   23811027GOOD                          060799001    1
              7460     20181107   30811027GOOD                          060799001    1
              7460     20181108   41811027GOOD                          060799001    1
              7460     20181109   33811027GOOD                          060799001    1
              7460     20181110   39811027GOOD                          060799001    1
              7460     20181111   34811027GOOD                          060799001    1
              7460     20181112   34811027GOOD                          060799001    1
              7460     20181113   29811027GOOD                          060799001    1
              7460     20181114   30811027GOOD                          060799001    1
              7460     20181115   37811027GOOD                          060799001    1
              7460     20181116   45811027GOOD                          060799001    1
              7460     20181117   42811027GOOD                          060799001    1
              7460     20181118   41811027GOOD                          060799001    1
              7460     20181119   31811027GOOD                          060799001    1
              7460     20181120   23811027GOOD                          060799001    1
              7460     20181121   14811027GOOD                          060799001    1
              7460     20181122   11811027GOOD                          060799001    1
              7460     20181123    9811027GOOD                          060799001    1
              7460     20181124   13811027GOOD                          060799001    1
              7460     20181125   13811027GOOD                          060799001    1
              7460     20181126   14811027GOOD                          060799001    1
              7460     20181127   12811027GOOD                          060799001    1
              7460     20181128    7811027GOOD                          060799001    1
              7460     20181129   21811027GOOD                          060799001    1
              7460     20181130   44811027GOOD                          060799001    1
              7460     20181201   12811027GOOD                          060799001    1
              7460     20181202    9811027GOOD                          060799001    1
              7460     20181203   13811027GOOD                          060799001    1
              7460     20181204   11811027GOOD                          060799001    1
              7460     20181205    6811027GOOD                          060799001    1
              7460     20181206    7811027GOOD                          060799001    1
              7460     20181207   11811027GOOD                          060799001    1
              7460     20181208   13811027GOOD                          060799001    1
              7460     20181209   11811027GOOD                          060799001    1
              7460     20181210   19811027GOOD                          060799001    1
              7460     20181211   17811027GOOD                          060799001    1
              7460     20181212   12811027GOOD                          060799001    1
              7460     20181213   31811027GOOD                          060799001    1
              7460     20181214   22811027GOOD                          060799001    1
              7460     20181215   17811027GOOD                          060799001    1
              7460     20181216    9811027GOOD                          060799001    1
              7460     20181217   19811027GOOD                          060799001    1
              7460     20181218   16811027GOOD                          060799001    1
              7460     20181219   22811027GOOD                          060799001    1
              7460     20181220   18811027GOOD                          060799001    1
              7460     20181221   17811027GOOD                          060799001    1
              7460     20181222   15811027GOOD                          060799001    1
              7460     20181223   21811027GOOD                          060799001    1
              7460     20181224   11811027GOOD                          060799001    1
              7460     20181225   16811027GOOD                          060799001    1
              7460     20181226   11811027GOOD                          060799001    1
              7460     20181227   12811027GOOD                          060799001    1
              7460     20181228    6811027GOOD                          060799001    1
              7460     20181229   13811027GOOD                          060799001    1
              7460     20181230   24811027GOOD                          060799001    1
              7460     20181231   12811027GOOD                          060799001    1
# 348 records written to the file
