# STATE_CODE(1,2); COUNTY_CODE(3,3); CITY_CODE(6,5); UAR_CODE(11,4); MSA_CODE(15,4); CBSA_CODE (19,5); AQI_DATE(24,8); AQI_VALUE1(32,5); PARAMETER_CODE1(37,5); DURATION_CODE1(42,1); AQI_CATEGORY(43,30); MAX_AQI_SITE_ID1(73,9); NUM_SITES1(82,5); AQI_VALUE2(87, 5); PARAMETER_CODE2(92, 5); DURATION_CODE2(97, 1); MAX_AQI_SITE_ID2(98, 9); NUM_SITES2(107, 5); AQI_VALUE3(112, 5); PARAMETER_CODE3(117, 5); DURATION_CODE3(122, 1); MAX_AQI_SITE_ID3(123, 9); NUM_SITES3(132, 5); AQI_VALUE4(137, 5); PARAMETER_CODE4(142, 5); DURATION_CODE4(147, 1); MAX_AQI_SITE_ID4(148, 9); NUM_SITES4(157, 5); AQI_VALUE5(162, 5); PARAMETER_CODE5(167, 5); DURATION_CODE5(172, 1); MAX_AQI_SITE_ID5(173, 9); NUM_SITES5(182, 5); AQI_VALUE6(187, 5); PARAMETER_CODE6(192, 5); DURATION_CODE6(197, 1); MAX_AQI_SITE_ID6(198, 9); NUM_SITES6(207, 5); AQI_VALUE7(212, 5); PARAMETER_CODE7(217, 5); DURATION_CODE7(222, 1); MAX_AQI_SITE_ID7(223, 9); NUM_SITES7(232, 5); AQI_VALUE8(237, 5); PARAMETER_CODE8(242, 5); DURATION_CODE8(247, 1); MAX_AQI_SITE_ID8(248, 9); NUM_SITES8(257, 5)
              7460     20180101   2644201WGOOD                          060790005    1   24811027060790005    1
              7460     20180102   44811027GOOD                          060790005    1   2644201W060790005    1
              7460     20180103   39811027GOOD                          060790005    1   1944201W060790005    1
              7460     20180104   1944201WGOOD                          060790005    1    6811027060790005    1
              7460     20180105   2044201WGOOD                          060790005    1    3811027060790005    1
              7460     20180106   1744201WGOOD                          060790005    1    5811027060790005    1
              7460     20180107   3144201WGOOD                          060790005    1    7811027060790005    1
              7460     20180108   2944201WGOOD                          060790005    1    4811027060790005    1
              7460     20180109   3844201WGOOD                          060790005    1    3811027060790005    1
              7460     20180110   3444201WGOOD                          060790005    1    8811027060790005    1
              7460     20180111   3344201WGOOD                          060790005    1    7811027060790005    1
              7460     20180112   3444201WGOOD                          060790005    1    8811027060790005    1
              7460     20180113   2644201WGOOD                          060790005    1   13811027060790005    1
              7460     20180114   2444201WGOOD                          060790005    1   12811027060790005    1
              7460     20180115   2744201WGOOD                          060790005    1   15811027060790005    1
              7460     20180116   2744201WGOOD                          060790005    1   15811027060790005    1
              7460     20180117   2744201WGOOD                          060790005    1   11811027060790005    1
              7460     20180118   3144201WGOOD                          060790005    1    9811027060790005    1
              7460     20180119   3744201WGOOD                          060790005    1    6811027060790005    1
              7460     20180120   3544201WGOOD                          060790005    1    6811027060790005    1
              7460     20180121   3244201WGOOD                          060790005    1    6811027060790005    1
              7460     20180122   3444201WGOOD                          060790005    1    7811027060790005    1
              7460     20180123   3644201WGOOD                          060790005    1   11811027060790005    1
              7460     20180124   3544201WGOOD                          060790005    1   14811027060790005    1
              7460     20180125   3844201WGOOD                          060790005    1    6811027060790005    1
              7460     20180126   3844201WGOOD                          060790005    1    6811027060790005    1
              7460     20180127   3944201WGOOD                          060790005    1    8811027060790005    1
              7460     20180128   3744201WGOOD                          060790005    1    9811027060790005    1
              7460     20180129   3044201WGOOD                          060790005    1   15811027060790005    1
              7460     20180130   2444201WGOOD                          060790005    1   21811027060790005    1
              7460     20180131   3644201WGOOD                          060790005    1   20811027060790005    1
              7460     20180201   4244201WGOOD                          060790005    1   20811027060790005    1
              7460     20180202   3944201WGOOD                          060790005    1   21811027060790005    1
              7460     20180203   4444201WGOOD                          060790005    1   27811027060790005    1
              7460     20180204   4444201WGOOD                          060790005    1   27811027060790005    1
              7460     20180205   4444201WGOOD                          060790005    1   27811027060790005    1
              7460     20180206   3944201WGOOD                          060790005    1   18811027060790005    1
              7460     20180207   4244201WGOOD                          060790005    1   24811027060790005    1
              7460     20180208   4644201WGOOD                          060790005    1   22811027060790005    1
              7460     20180209   4444201WGOOD                          060790005    1   22811027060790005    1
              7460     20180210   3844201WGOOD                          060790005    1   21811027060790005    1
              7460     20180211   4144201WGOOD                          060790005    1   29811027060790005    1
              7460     20180212   3844201WGOOD                          060790005    1   13811027060790005    1
              7460     20180213   3744201WGOOD                          060790005    1   17811027060790005    1
              7460     20180214   4044201WGOOD                          060790005    1   19811027060790005    1
              7460     20180215   4444201WGOOD                          060790005    1   16811027060790005    1
              7460     20180216   4544201WGOOD                          060790005    1   21811027060790005    1
              7460     20180217   4644201WGOOD                          060790005    1   19811027060790005    1
              7460     20180218   4044201WGOOD                          060790005    1   17811027060790005    1
              7460     20180219   4244201WGOOD                          060790005    1    9811027060790005    1
              7460     20180220   3944201WGOOD                          060790005    1    9811027060790005    1
              7460     20180221   4244201WGOOD                          060790005    1   12811027060790005    1
              7460     20180222   4044201WGOOD                          060790005    1   11811027060790005    1
              7460     20180223   4144201WGOOD                          060790005    1   10811027060790005    1
              7460     20180224   4444201WGOOD                          060790005    1    8811027060790005    1
              7460     20180225   4344201WGOOD                          060790005    1    6811027060790005    1
              7460     20180226   3744201WGOOD                          060790005    1   12811027060790005    1
              7460     20180227   3644201WGOOD                          060790005    1    4811027060790005    1
              7460     20180228   4244201WGOOD                          060790005    1    9811027060790005    1
              7460     20180301   4344201WGOOD                          060790005    1    1811027060790005    1
              7460     20180302   4244201WGOOD                          060790005    1    6811027060790005    1
              7460     20180303   4244201WGOOD                          060790005    1    3811027060790005    1
              7460     20180304   4344201WGOOD                          060790005    1    4811027060790005    1
              7460     20180305   4244201WGOOD                          060790005    1    6811027060790005    1
              7460     20180306   4644201WGOOD                          060790005    1    9811027060790005    1
              7460     20180307   4744201WGOOD                          060790005    1   16811027060790005    1
              7460     20180308   3544201WGOOD                          060790005    1   15811027060790005    1
              7460     20180309   3544201WGOOD                          060790005    1    8811027060790005    1
              7460     20180310   3144201WGOOD                          060790005    1    3811027060790005    1
              7460     20180311   3644201WGOOD                          060790005    1    4811027060790005    1
              7460     20180312   3144201WGOOD                          060790005    1    6811027060790005    1
              7460     20180313   3844201WGOOD                          060790005    1    1811027060790005    1
              7460     20180314   4244201WGOOD                          060790005    1    7811027060790005    1
              7460     20180315   4044201WGOOD                          060790005    1    8811027060790005    1
              7460     20180316   4244201WGOOD                          060790005    1    4811027060790005    1
              7460     20180317   4044201WGOOD                          060790005    1    3811027060790005    1
              7460     20180318   3944201WGOOD                          060790005    1    2811027060790005    1
              7460     20180319   4544201WGOOD                          060790005    1    6811027060790005    1
              7460     20180320   3844201WGOOD                          060790005    1    6811027060790005    1
              7460     20180321   2944201WGOOD                          060790005    1    2811027060790005    1
              7460     20180322   4044201WGOOD                          060790005    1    4811027060790005    1
              7460     20180323   4344201WGOOD                          060790005    1    9811027060790005    1
              7460     20180324   4344201WGOOD                          060790005    1    6811027060790005    1
              7460     20180325   4244201WGOOD                          060790005    1    6811027060790005    1
              7460     20180326   4344201WGOOD                          060790005    1    7811027060790005    1
              7460     20180327   4444201WGOOD                          060790005    1    8811027060790005    1
              7460     20180328   4544201WGOOD                          060790005    1    9811027060790005    1
              7460     20180329   5044201WGOOD                          060790005    1   17811027060790005    1
              7460     20180330   4944201WGOOD                          060790005    1   18811027060790005    1
              7460     20180331   5044201WGOOD                          060790005    1   14811027060790005    1
              7460     20180401   4144201WGOOD                          060790005    1   12811027060790005    1
              7460     20180402   3944201WGOOD                          060790005    1   20811027060790005    1
              7460     20180403   4244201WGOOD                          060790005    1   23811027060790005    1
              7460     20180404   4444201WGOOD                          060790005    1   26811027060790005    1
              7460     20180405   4444201WGOOD                          060790005    1   22811027060790005    1
              7460     20180406   2944201WGOOD                          060790005    1   20811027060790005    1
              7460     20180407   4044201WGOOD                          060790005    1    6811027060790005    1
              7460     20180408   4144201WGOOD                          060790005    1   13811027060790005    1
              7460     20180409   4444201WGOOD                          060790005    1   15811027060790005    1
              7460     20180410   4344201WGOOD                          060790005    1   25811027060790005    1
              7460     20180411   4444201WGOOD                          060790005    1   18811027060790005    1
              7460     20180412   5144201WMODERATE                      060790005    1   19811027060790005    1
              7460     20180413   4544201WGOOD                          060790005    1   15811027060790005    1
              7460     20180414   5044201WGOOD                          060790005    1   16811027060790005    1
              7460     20180415   4844201WGOOD                          060790005    1   22811027060790005    1
              7460     20180416   4444201WGOOD                          060790005    1   20811027060790005    1
              7460     20180417   4444201WGOOD                          060790005    1    4811027060790005    1
              7460     20180418   4444201WGOOD                          060790005    1   20811027060790005    1
              7460     20180419   4544201WGOOD                          060790005    1   31811027060790005    1
              7460     20180420   4044201WGOOD                          060790005    1   19811027060790005    1
              7460     20180421   5044201WGOOD                          060790005    1   19811027060790005    1
              7460     20180422   5044201WGOOD                          060790005    1   19811027060790005    1
              7460     20180423   49811027GOOD                          060790005    1   4544201W060790005    1
              7460     20180424   49811027GOOD                          060790005    1   4144201W060790005    1
              7460     20180425   52811027MODERATE                      060790005    1   4044201W060790005    1
              7460     20180426   41811027GOOD                          060790005    1   3944201W060790005    1
              7460     20180427   4344201WGOOD                          060790005    1   37811027060790005    1
              7460     20180428   4444201WGOOD                          060790005    1   16811027060790005    1
              7460     20180429   4444201WGOOD                          060790005    1   11811027060790005    1
              7460     20180430   56811027MODERATE                      060790005    1   4444201W060790005    1
              7460     20180501   4244201WGOOD                          060790005    1   41811027060790005    1
              7460     20180502   3744201WGOOD                          060790005    1   35811027060790005    1
              7460     20180503   4444201WGOOD                          060790005    1   28811027060790005    1
              7460     20180504   4844201WGOOD                          060790005    1   44811027060790005    1
              7460     20180505   4444201WGOOD                          060790005    1   24811027060790005    1
              7460     20180506   4144201WGOOD                          060790005    1   15811027060790005    1
              7460     20180507   4644201WGOOD                          060790005    1   30811027060790005    1
              7460     20180508   4644201WGOOD                          060790005    1   40811027060790005    1
              7460     20180509   4444201WGOOD                          060790005    1   33811027060790005    1
              7460     20180510   49811027GOOD                          060790005    1   4244201W060790005    1
              7460     20180511   48811027GOOD                          060790005    1   3744201W060790005    1
              7460     20180512   4144201WGOOD                          060790005    1   23811027060790005    1
              7460     20180513   4144201WGOOD                          060790005    1   19811027060790005    1
              7460     20180514   46811027GOOD                          060790005    1   3544201W060790005    1
              7460     20180515   38811027GOOD                          060790005    1
              7460     20180516   3744201WGOOD                          060790005    1   27811027060790005    1
              7460     20180517   43811027GOOD                          060790005    1   3944201W060790005    1
              7460     20180518   35811027GOOD                          060790005    1   3444201W060790005    1
              7460     20180519   3544201WGOOD                          060790005    1   16811027060790005    1
              7460     20180520   3844201WGOOD                          060790005    1   17811027060790005    1
              7460     20180521   3444201WGOOD                          060790005    1   31811027060790005    1
              7460     20180522   37811027GOOD                          060790005    1   3344201W060790005    1
              7460     20180523   3944201WGOOD                          060790005    1   31811027060790005    1
              7460     20180524   3944201WGOOD                          060790005    1   20811027060790005    1
              7460     20180525   3544201WGOOD                          060790005    1   18811027060790005    1
              7460     20180526   3444201WGOOD                          060790005    1   13811027060790005    1
              7460     20180527   4044201WGOOD                          060790005    1   14811027060790005    1
              7460     20180528   4644201WGOOD                          060790005    1   17811027060790005    1
              7460     20180529   4244201WGOOD                          060790005    1   38811027060790005    1
              7460     20180530   38811027GOOD                          060790005    1   3744201W060790005    1
              7460     20180531   39811027GOOD                          060790005    1   3744201W060790005    1
              7460     20180601   5044201WGOOD                          060790005    1   31811027060790005    1
              7460     20180602   8044201WMODERATE                      060790005    1   38811027060790005    1
              7460     20180603   6444201WMODERATE                      060790005    1   26811027060790005    1
              7460     20180604   66811027MODERATE                      060790005    1   4344201W060790005    1
              7460     20180605   45811027GOOD                          060790005    1   4444201W060790005    1
              7460     20180606   3244201WGOOD                          060790005    1   28811027060790005    1
              7460     20180607   4444201WGOOD                          060790005    1   38811027060790005    1
              7460     20180608   7444201WMODERATE                      060790005    1   40811027060790005    1
              7460     20180609   4044201WGOOD                          060790005    1   38811027060790005    1
              7460     20180610   4544201WGOOD                          060790005    1   18811027060790005    1
              7460     20180611   4444201WGOOD                          060790005    1   28811027060790005    1
              7460     20180612   5444201WMODERATE                      060790005    1   39811027060790005    1
              7460     20180613   5144201WMODERATE                      060790005    1   47811027060790005    1
              7460     20180614   4044201WGOOD                          060790005    1   39811027060790005    1
              7460     20180615   59811027MODERATE                      060790005    1   3544201W060790005    1
              7460     20180616   3444201WGOOD                          060790005    1   18811027060790005    1
              7460     20180617   3744201WGOOD                          060790005    1   13811027060790005    1
              7460     20180618   4244201WGOOD                          060790005    1   31811027060790005    1
              7460     20180619   5044201WGOOD                          060790005    1   33811027060790005    1
              7460     20180620   6144201WMODERATE                      060790005    1   31811027060790005    1
              7460     20180621   6144201WMODERATE                      060790005    1   28811027060790005    1
              7460     20180622   8744201WMODERATE                      060790005    1   26811027060790005    1
              7460     20180623   5144201WMODERATE                      060790005    1   44811027060790005    1
              7460     20180624   3544201WGOOD                          060790005    1   15811027060790005    1
              7460     20180625   3244201WGOOD                          060790005    1   21811027060790005    1
              7460     20180626   4144201WGOOD                          060790005    1   33811027060790005    1
              7460     20180627   36811027GOOD                          060790005    1   3544201W060790005    1
              7460     20180628   34811027GOOD                          060790005    1   3344201W060790005    1
              7460     20180629   44811027GOOD                          060790005    1   3544201W060790005    1
              7460     20180630   39811027GOOD                          060790005    1   3844201W060790005    1
              7460     20180701   3344201WGOOD                          060790005    1   20811027060790005    1
              7460     20180702   37811027GOOD                          060790005    1   3144201W060790005    1
              7460     20180703   3344201WGOOD                          060790005    1   25811027060790005    1
              7460     20180704   3344201WGOOD                          060790005    1   16811027060790005    1
              7460     20180705   4444201WGOOD                          060790005    1   19811027060790005    1
              7460     20180706   5144201WMODERATE                      060790005    1   33811027060790005    1
              7460     20180707   4544201WGOOD                          060790005    1   27811027060790005    1
              7460     20180708   4844201WGOOD                          060790005    1
              7460     20180709   5044201WGOOD                          060790005    1   29811027060790005    1
              7460     20180710   4044201WGOOD                          060790005    1   31811027060790005    1
              7460     20180711   4044201WGOOD                          060790005    1   29811027060790005    1
              7460     20180712   3644201WGOOD                          060790005    1   25811027060790005    1
              7460     20180713   36811027GOOD                          060790005    1   3144201W060790005    1
              7460     20180714   3744201WGOOD                          060790005    1   19811027060790005    1
              7460     20180715   2844201WGOOD                          060790005    1   17811027060790005    1
              7460     20180716   3244201WGOOD                          060790005    1   29811027060790005    1
              7460     20180717   4044201WGOOD                          060790005    1   29811027060790005    1
              7460     20180718   3944201WGOOD                          060790005    1   31811027060790005    1
              7460     20180719   4744201WGOOD                          060790005    1   43811027060790005    1
              7460     20180720   3944201WGOOD                          060790005    1   29811027060790005    1
              7460     20180721   3444201WGOOD                          060790005    1   26811027060790005    1
              7460     20180722   3444201WGOOD                          060790005    1   16811027060790005    1
              7460     20180723   4244201WGOOD                          060790005    1   27811027060790005    1
              7460     20180724   4744201WGOOD                          060790005    1   32811027060790005    1
              7460     20180725   4444201WGOOD                          060790005    1   30811027060790005    1
              7460     20180726   4144201WGOOD                          060790005    1   30811027060790005    1
              7460     20180727   4544201WGOOD                          060790005    1   44811027060790005    1
              7460     20180728   4444201WGOOD                          060790005    1   23811027060790005    1
              7460     20180729   4544201WGOOD                          060790005    1   22811027060790005    1
              7460     20180730   4144201WGOOD                          060790005    1   27811027060790005    1
              7460     20180731   4444201WGOOD                          060790005    1   26811027060790005    1
              7460     20180801   4844201WGOOD                          060790005    1   38811027060790005    1
              7460     20180802   3944201WGOOD                          060790005    1
              7460     20180803   5044201WGOOD                          060790005    1
              7460     20180804   59811027MODERATE                      060790005    1   4844201W060790005    1
              7460     20180805   4044201WGOOD                          060790005    1   19811027060790005    1
              7460     20180806   7744201WMODERATE                      060790005    1   56811027060790005    1
              7460     20180807   5044201WGOOD                          060790005    1   47811027060790005    1
              7460     20180808  10144201WUNHEALTHY FOR SENSITIVE       060790005    1   39811027060790005    1
              7460     20180809  10144201WUNHEALTHY FOR SENSITIVE       060790005    1   52811027060790005    1
              7460     20180810   4544201WGOOD                          060790005    1   42811027060790005    1
              7460     20180811   4044201WGOOD                          060790005    1   22811027060790005    1
              7460     20180812   4044201WGOOD                          060790005    1   20811027060790005    1
              7460     20180813   38811027GOOD                          060790005    1   3744201W060790005    1
              7460     20180814   30811027GOOD                          060790005    1
              7460     20180815   4544201WGOOD                          060790005    1   32811027060790005    1
              7460     20180816   4544201WGOOD                          060790005    1   38811027060790005    1
              7460     20180817   4844201WGOOD                          060790005    1   46811027060790005    1
              7460     20180818   4744201WGOOD                          060790005    1   30811027060790005    1
              7460     20180819   6144201WMODERATE                      060790005    1   30811027060790005    1
              7460     20180820   45811027GOOD                          060790005    1   4344201W060790005    1
              7460     20180821   4244201WGOOD                          060790005    1   34811027060790005    1
              7460     20180822   48811027GOOD                          060790005    1   4444201W060790005    1
              7460     20180823   47811027GOOD                          060790005    1
              7460     20180824   56811027MODERATE                      060790005    1   4644201W060790005    1
              7460     20180825   4344201WGOOD                          060790005    1   35811027060790005    1
              7460     20180826   3444201WGOOD                          060790005    1   23811027060790005    1
              7460     20180827   2744201WGOOD                          060790005    1   21811027060790005    1
              7460     20180828   2344201WGOOD                          060790005    1   22811027060790005    1
              7460     20180829   3344201WGOOD                          060790005    1   22811027060790005    1
              7460     20180830   4044201WGOOD                          060790005    1   23811027060790005    1
              7460     20180831   4544201WGOOD                          060790005    1   42811027060790005    1
              7460     20180901   3844201WGOOD                          060790005    1   22811027060790005    1
              7460     20180902   3844201WGOOD                          060790005    1   38811027060790005    1
              7460     20180903   3744201WGOOD                          060790005    1   23811027060790005    1
              7460     20180904   3944201WGOOD                          060790005    1   34811027060790005    1
              7460     20180905   3444201WGOOD                          060790005    1   27811027060790005    1
              7460     20180906   4244201WGOOD                          060790005    1   31811027060790005    1
              7460     20180907   4844201WGOOD                          060790005    1   37811027060790005    1
              7460     20180908   4244201WGOOD                          060790005    1   23811027060790005    1
              7460     20180909   4444201WGOOD                          060790005    1   19811027060790005    1
              7460     20180910   5144201WMODERATE                      060790005    1   38811027060790005    1
              7460     20180911   4044201WGOOD                          060790005    1   33811027060790005    1
              7460     20180912   3944201WGOOD                          060790005    1   33811027060790005    1
              7460     20180913   3344201WGOOD                          060790005    1   30811027060790005    1
              7460     20180914   4444201WGOOD                          060790005    1   27811027060790005    1
              7460     20180915   3744201WGOOD                          060790005    1   17811027060790005    1
              7460     20180916   4044201WGOOD                          060790005    1   15811027060790005    1
              7460     20180917   4144201WGOOD                          060790005    1   26811027060790005    1
              7460     20180918   4144201WGOOD                          060790005    1   33811027060790005    1
              7460     20180919   5044201WGOOD                          060790005    1   37811027060790005    1
              7460     20180920   6444201WMODERATE                      060790005    1   37811027060790005    1
              7460     20180921   4844201WGOOD                          060790005    1   45811027060790005    1
              7460     20180922   6444201WMODERATE                      060790005    1   30811027060790005    1
              7460     20180923   5044201WGOOD                          060790005    1   29811027060790005    1
              7460     20180924   39811027GOOD                          060790005    1   3844201W060790005    1
              7460     20180925   4244201WGOOD                          060790005    1   36811027060790005    1
              7460     20180926   5044201WGOOD                          060790005    1   42811027060790005    1
              7460     20180927   6144201WMODERATE                      060790005    1   41811027060790005    1
              7460     20180928   4144201WGOOD                          060790005    1   32811027060790005    1
              7460     20180929   3744201WGOOD                          060790005    1   15811027060790005    1
              7460     20180930   3244201WGOOD                          060790005    1   16811027060790005    1
              7460     20181001   3744201WGOOD                          060790005    1   23811027060790005    1
              7460     20181002   3144201WGOOD                          060790005    1   22811027060790005    1
              7460     20181003   1944201WGOOD                          060790005    1   10811027060790005    1
              7460     20181004   2844201WGOOD                          060790005    1    9811027060790005    1
              7460     20181005   4044201WGOOD                          060790005    1   18811027060790005    1
              7460     20181006   3844201WGOOD                          060790005    1   25811027060790005    1
              7460     20181007   3744201WGOOD                          060790005    1   26811027060790005    1
              7460     20181008   4244201WGOOD                          060790005    1   41811027060790005    1
              7460     20181009   3844201WGOOD                          060790005    1   24811027060790005    1
              7460     20181010   3744201WGOOD                          060790005    1   18811027060790005    1
              7460     20181011   3644201WGOOD                          060790005    1   20811027060790005    1
              7460     20181012   4744201WGOOD                          060790005    1   24811027060790005    1
              7460     20181013   4244201WGOOD                          060790005    1   23811027060790005    1
              7460     20181014   3444201WGOOD                          060790005    1   13811027060790005    1
              7460     20181015   4444201WGOOD                          060790005    1   27811027060790005    1
              7460     20181016   4844201WGOOD                          060790005    1   29811027060790005    1
              7460     20181017   5044201WGOOD                          060790005    1   29811027060790005    1
              7460     20181018   4644201WGOOD                          060790005    1   32811027060790005    1
              7460     20181019   6144201WMODERATE                      060790005    1
              7460     20181020   5144201WMODERATE                      060790005    1
              7460     20181021   5444201WMODERATE                      060790005    1
              7460     20181022   4744201WGOOD                          060790005    1
              7460     20181023   4444201WGOOD                          060790005    1   24811027060790005    1
              7460     20181024   5144201WMODERATE                      060790005    1   27811027060790005    1
              7460     20181025   4644201WGOOD                          060790005    1   27811027060790005    1
              7460     20181026   6444201WMODERATE                      060790005    1   39811027060790005    1
              7460     20181027   6144201WMODERATE                      060790005    1   35811027060790005    1
              7460     20181028   3544201WGOOD                          060790005    1   18811027060790005    1
              7460     20181029   3744201WGOOD                          060790005    1   31811027060790005    1
              7460     20181030   3944201WGOOD                          060790005    1   38811027060790005    1
              7460     20181031   4244201WGOOD                          060790005    1   40811027060790005    1
              7460     20181101   4744201WGOOD                          060790005    1   36811027060790005    1
              7460     20181102   4544201WGOOD                          060790005    1   38811027060790005    1
              7460     20181103   4444201WGOOD                          060790005    1   32811027060790005    1
              7460     20181104   4444201WGOOD                          060790005    1   25811027060790005    1
              7460     20181105   4244201WGOOD                          060790005    1   28811027060790005    1
              7460     20181106   4044201WGOOD                          060790005    1   33811027060790005    1
              7460     20181107   4144201WGOOD                          060790005    1   35811027060790005    1
              7460     20181108   54811027MODERATE                      060790005    1   3744201W060790005    1
              7460     20181109   53811027MODERATE                      060790005    1   4444201W060790005    1
              7460     20181110   51811027MODERATE                      060790005    1   3644201W060790005    1
              7460     20181111   57811027MODERATE                      060790005    1   4844201W060790005    1
              7460     20181112   53811027MODERATE                      060790005    1   4444201W060790005    1
              7460     20181113   50811027GOOD                          060790005    1   3344201W060790005    1
              7460     20181114   51811027MODERATE                      060790005    1   4244201W060790005    1
              7460     20181115   62811027MODERATE                      060790005    1   4544201W060790005    1
              7460     20181116   50811027GOOD                          060790005    1   4444201W060790005    1
              7460     20181117   4544201WGOOD                          060790005    1   42811027060790005    1
              7460     20181118   50811027GOOD                          060790005    1   4444201W060790005    1
              7460     20181119   62811027MODERATE                      060790005    1   3644201W060790005    1
              7460     20181120   46811027GOOD                          060790005    1   3944201W060790005    1
              7460     20181121   3144201WGOOD                          060790005    1   19811027060790005    1
              7460     20181122   3444201WGOOD                          060790005    1    6811027060790005    1
              7460     20181123   2844201WGOOD                          060790005    1    4811027060790005    1
              7460     20181124   3144201WGOOD                          060790005    1    4811027060790005    1
              7460     20181125   3144201WGOOD                          060790005    1    7811027060790005    1
              7460     20181126   13811027GOOD                          060790005    1
              7460     20181127   2644201WGOOD                          060790005    1   15811027060790005    1
              7460     20181128   3544201WGOOD                          060790005    1    5811027060790005    1
              7460     20181129   3744201WGOOD                          060790005    1    9811027060790005    1
              7460     20181130   3344201WGOOD                          060790005    1    9811027060790005    1
              7460     20181201   2944201WGOOD                          060790005    1    6811027060790005    1
              7460     20181202   3144201WGOOD                          060790005    1    5811027060790005    1
              7460     20181203   3144201WGOOD                          060790005    1    8811027060790005    1
              7460     20181204   3244201WGOOD                          060790005    1    9811027060790005    1
              7460     20181205   2644201WGOOD                          060790005    1    4811027060790005    1
              7460     20181206   2944201WGOOD                          060790005    1    7811027060790005    1
              7460     20181207   3244201WGOOD                          060790005    1   12811027060790005    1
              7460     20181208   2544201WGOOD                          060790005    1   14811027060790005    1
              7460     20181209   1644201WGOOD                          060790005    1   11811027060790005    1
              7460     20181210   2444201WGOOD                          060790005    1   12811027060790005    1
              7460     20181211   2844201WGOOD                          060790005    1   14811027060790005    1
              7460     20181212   2744201WGOOD                          060790005    1   16811027060790005    1
              7460     20181213   2444201WGOOD                          060790005    1   20811027060790005    1
              7460     20181214   3044201WGOOD                          060790005    1   19811027060790005    1
              7460     20181215   1544201WGOOD                          060790005    1    9811027060790005    1
              7460     20181216   3044201WGOOD                          060790005    1    7811027060790005    1
              7460     20181217   3544201WGOOD                          060790005    1    6811027060790005    1
              7460     20181218   3244201WGOOD                          060790005    1    6811027060790005    1
              7460     20181219   3044201WGOOD                          060790005    1    8811027060790005    1
              7460     20181220   1544201WGOOD                          060790005    1   12811027060790005    1
              7460     20181221   2844201WGOOD                          060790005    1    8811027060790005    1
              7460     20181222   2744201WGOOD                          060790005    1    6811027060790005    1
              7460     20181223   2344201WGOOD                          060790005    1   15811027060790005    1
              7460     20181224   3044201WGOOD                          060790005    1   11811027060790005    1
              7460     20181225   3344201WGOOD                          060790005    1    6811027060790005    1
              7460     20181226   2344201WGOOD                          060790005    1    6811027060790005    1
              7460     20181227   3144201WGOOD                          060790005    1    6811027060790005    1
              7460     20181228   3344201WGOOD                          060790005    1    9811027060790005    1
              7460     20181229   3144201WGOOD                          060790005    1   15811027060790005    1
              7460     20181230   3144201WGOOD                          060790005    1   14811027060790005    1
              7460     20181231   3044201WGOOD                          060790005    1   13811027060790005    1
# 365 records written to the file
