# STATE_CODE(1,2); COUNTY_CODE(3,3); CITY_CODE(6,5); UAR_CODE(11,4); MSA_CODE(15,4); CBSA_CODE (19,5); AQI_DATE(24,8); AQI_VALUE1(32,5); PARAMETER_CODE1(37,5); DURATION_CODE1(42,1); AQI_CATEGORY(43,30); MAX_AQI_SITE_ID1(73,9); NUM_SITES1(82,5); AQI_VALUE2(87, 5); PARAMETER_CODE2(92, 5); DURATION_CODE2(97, 1); MAX_AQI_SITE_ID2(98, 9); NUM_SITES2(107, 5); AQI_VALUE3(112, 5); PARAMETER_CODE3(117, 5); DURATION_CODE3(122, 1); MAX_AQI_SITE_ID3(123, 9); NUM_SITES3(132, 5); AQI_VALUE4(137, 5); PARAMETER_CODE4(142, 5); DURATION_CODE4(147, 1); MAX_AQI_SITE_ID4(148, 9); NUM_SITES4(157, 5); AQI_VALUE5(162, 5); PARAMETER_CODE5(167, 5); DURATION_CODE5(172, 1); MAX_AQI_SITE_ID5(173, 9); NUM_SITES5(182, 5); AQI_VALUE6(187, 5); PARAMETER_CODE6(192, 5); DURATION_CODE6(197, 1); MAX_AQI_SITE_ID6(198, 9); NUM_SITES6(207, 5); AQI_VALUE7(212, 5); PARAMETER_CODE7(217, 5); DURATION_CODE7(222, 1); MAX_AQI_SITE_ID7(223, 9); NUM_SITES7(232, 5); AQI_VALUE8(237, 5); PARAMETER_CODE8(242, 5); DURATION_CODE8(247, 1); MAX_AQI_SITE_ID8(248, 9); NUM_SITES8(257, 5)
              7460     20180101   4344201WGOOD                          060798005    1
              7460     20180102   4544201WGOOD                          060798005    1
              7460     20180103   3744201WGOOD                          060798005    1
              7460     20180104   2344201WGOOD                          060798005    1
              7460     20180105   2944201WGOOD                          060798005    1
              7460     20180106   2244201WGOOD                          060798005    1
              7460     20180107   2944201WGOOD                          060798005    1
              7460     20180108   2844201WGOOD                          060798005    1
              7460     20180110   2944201WGOOD                          060798005    1
              7460     20180111   3044201WGOOD                          060798005    1
              7460     20180112   2944201WGOOD                          060798005    1
              7460     20180113   3144201WGOOD                          060798005    1
              7460     20180114   3844201WGOOD                          060798005    1
              7460     20180115   3944201WGOOD                          060798005    1
              7460     20180116   3144201WGOOD                          060798005    1
              7460     20180117   4144201WGOOD                          060798005    1
              7460     20180118   3944201WGOOD                          060798005    1
              7460     20180119   3144201WGOOD                          060798005    1
              7460     20180120   3044201WGOOD                          060798005    1
              7460     20180121   3144201WGOOD                          060798005    1
              7460     20180122   3544201WGOOD                          060798005    1
              7460     20180123   3544201WGOOD                          060798005    1
              7460     20180124   3644201WGOOD                          060798005    1
              7460     20180125   3444201WGOOD                          060798005    1
              7460     20180126   3444201WGOOD                          060798005    1
              7460     20180127   3244201WGOOD                          060798005    1
              7460     20180128   3644201WGOOD                          060798005    1
              7460     20180129   3644201WGOOD                          060798005    1
              7460     20180130   3744201WGOOD                          060798005    1
              7460     20180131   3644201WGOOD                          060798005    1
              7460     20180201   3844201WGOOD                          060798005    1
              7460     20180202   3944201WGOOD                          060798005    1
              7460     20180203   4944201WGOOD                          060798005    1
              7460     20180205   4344201WGOOD                          060798005    1
              7460     20180206   3644201WGOOD                          060798005    1
              7460     20180207   4144201WGOOD                          060798005    1
              7460     20180208   4744201WGOOD                          060798005    1
              7460     20180209   4444201WGOOD                          060798005    1
              7460     20180210   3744201WGOOD                          060798005    1
              7460     20180211   3744201WGOOD                          060798005    1
              7460     20180212   3144201WGOOD                          060798005    1
              7460     20180213   3444201WGOOD                          060798005    1
              7460     20180214   3744201WGOOD                          060798005    1
              7460     20180215   3844201WGOOD                          060798005    1
              7460     20180216   4144201WGOOD                          060798005    1
              7460     20180217   4744201WGOOD                          060798005    1
              7460     20180218   3944201WGOOD                          060798005    1
              7460     20180219   3444201WGOOD                          060798005    1
              7460     20180220   3444201WGOOD                          060798005    1
              7460     20180222   3744201WGOOD                          060798005    1
              7460     20180223   3844201WGOOD                          060798005    1
              7460     20180224   4044201WGOOD                          060798005    1
              7460     20180225   4144201WGOOD                          060798005    1
              7460     20180226   3644201WGOOD                          060798005    1
              7460     20180227   3644201WGOOD                          060798005    1
              7460     20180228   4144201WGOOD                          060798005    1
              7460     20180301   3944201WGOOD                          060798005    1
              7460     20180302   3644201WGOOD                          060798005    1
              7460     20180303   3844201WGOOD                          060798005    1
              7460     20180304   3944201WGOOD                          060798005    1
              7460     20180305   3844201WGOOD                          060798005    1
              7460     20180306   4544201WGOOD                          060798005    1
              7460     20180307   5844201WMODERATE                      060798005    1
              7460     20180308   5044201WGOOD                          060798005    1
              7460     20180309   4244201WGOOD                          060798005    1
              7460     20180310   3944201WGOOD                          060798005    1
              7460     20180311   3544201WGOOD                          060798005    1
              7460     20180312   3044201WGOOD                          060798005    1
              7460     20180313   3444201WGOOD                          060798005    1
              7460     20180314   3644201WGOOD                          060798005    1
              7460     20180315   3844201WGOOD                          060798005    1
              7460     20180316   3544201WGOOD                          060798005    1
              7460     20180317   3644201WGOOD                          060798005    1
              7460     20180318   3744201WGOOD                          060798005    1
              7460     20180319   4444201WGOOD                          060798005    1
              7460     20180320   4144201WGOOD                          060798005    1
              7460     20180321   2744201WGOOD                          060798005    1
              7460     20180322   3744201WGOOD                          060798005    1
              7460     20180323   4044201WGOOD                          060798005    1
              7460     20180324   4044201WGOOD                          060798005    1
              7460     20180325   3844201WGOOD                          060798005    1
              7460     20180326   4144201WGOOD                          060798005    1
              7460     20180327   4244201WGOOD                          060798005    1
              7460     20180328   4944201WGOOD                          060798005    1
              7460     20180329   5844201WMODERATE                      060798005    1
              7460     20180330   5444201WMODERATE                      060798005    1
              7460     20180331   5144201WMODERATE                      060798005    1
              7460     20180401   4544201WGOOD                          060798005    1
              7460     20180402   3944201WGOOD                          060798005    1
              7460     20180403   4844201WGOOD                          060798005    1
              7460     20180404   4744201WGOOD                          060798005    1
              7460     20180405   4444201WGOOD                          060798005    1
              7460     20180406   3244201WGOOD                          060798005    1
              7460     20180407   4044201WGOOD                          060798005    1
              7460     20180408   4244201WGOOD                          060798005    1
              7460     20180409   4844201WGOOD                          060798005    1
              7460     20180410   4644201WGOOD                          060798005    1
              7460     20180411   4244201WGOOD                          060798005    1
              7460     20180412   4644201WGOOD                          060798005    1
              7460     20180413   4344201WGOOD                          060798005    1
              7460     20180414   5444201WMODERATE                      060798005    1
              7460     20180415   4844201WGOOD                          060798005    1
              7460     20180416   4044201WGOOD                          060798005    1
              7460     20180417   4244201WGOOD                          060798005    1
              7460     20180418   4344201WGOOD                          060798005    1
              7460     20180419   4044201WGOOD                          060798005    1
              7460     20180420   4444201WGOOD                          060798005    1
              7460     20180421   4944201WGOOD                          060798005    1
              7460     20180422   4944201WGOOD                          060798005    1
              7460     20180423   5044201WGOOD                          060798005    1
              7460     20180424   4944201WGOOD                          060798005    1
              7460     20180425   4644201WGOOD                          060798005    1
              7460     20180426   4344201WGOOD                          060798005    1
              7460     20180427   4144201WGOOD                          060798005    1
              7460     20180428   4144201WGOOD                          060798005    1
              7460     20180429   3944201WGOOD                          060798005    1
              7460     20180430   3844201WGOOD                          060798005    1
              7460     20180501   4044201WGOOD                          060798005    1
              7460     20180502   3744201WGOOD                          060798005    1
              7460     20180503   4844201WGOOD                          060798005    1
              7460     20180504   4944201WGOOD                          060798005    1
              7460     20180505   5444201WMODERATE                      060798005    1
              7460     20180506   4844201WGOOD                          060798005    1
              7460     20180507   4944201WGOOD                          060798005    1
              7460     20180508   6144201WMODERATE                      060798005    1
              7460     20180509   3944201WGOOD                          060798005    1
              7460     20180510   4444201WGOOD                          060798005    1
              7460     20180511   4544201WGOOD                          060798005    1
              7460     20180512   4144201WGOOD                          060798005    1
              7460     20180513   3744201WGOOD                          060798005    1
              7460     20180514   3844201WGOOD                          060798005    1
              7460     20180515   3544201WGOOD                          060798005    1
              7460     20180516   4044201WGOOD                          060798005    1
              7460     20180517   4144201WGOOD                          060798005    1
              7460     20180518   4044201WGOOD                          060798005    1
              7460     20180519   4044201WGOOD                          060798005    1
              7460     20180520   3844201WGOOD                          060798005    1
              7460     20180521   3344201WGOOD                          060798005    1
              7460     20180522   3544201WGOOD                          060798005    1
              7460     20180523   3644201WGOOD                          060798005    1
              7460     20180524   3444201WGOOD                          060798005    1
              7460     20180525   3244201WGOOD                          060798005    1
              7460     20180526   3244201WGOOD                          060798005    1
              7460     20180527   4044201WGOOD                          060798005    1
              7460     20180528   5144201WMODERATE                      060798005    1
              7460     20180529   5144201WMODERATE                      060798005    1
              7460     20180530   3644201WGOOD                          060798005    1
              7460     20180531   4244201WGOOD                          060798005    1
              7460     20180601   4944201WGOOD                          060798005    1
              7460     20180602   8044201WMODERATE                      060798005    1
              7460     20180603   8044201WMODERATE                      060798005    1
              7460     20180604   4744201WGOOD                          060798005    1
              7460     20180605   5144201WMODERATE                      060798005    1
              7460     20180606   3744201WGOOD                          060798005    1
              7460     20180607   4444201WGOOD                          060798005    1
              7460     20180608   5844201WMODERATE                      060798005    1
              7460     20180609   3544201WGOOD                          060798005    1
              7460     20180610   4444201WGOOD                          060798005    1
              7460     20180611   4544201WGOOD                          060798005    1
              7460     20180612   7444201WMODERATE                      060798005    1
              7460     20180613   5444201WMODERATE                      060798005    1
              7460     20180614   4444201WGOOD                          060798005    1
              7460     20180615   4344201WGOOD                          060798005    1
              7460     20180616   3344201WGOOD                          060798005    1
              7460     20180617   3444201WGOOD                          060798005    1
              7460     20180618   4444201WGOOD                          060798005    1
              7460     20180619   6144201WMODERATE                      060798005    1
              7460     20180620   6744201WMODERATE                      060798005    1
              7460     20180621   6744201WMODERATE                      060798005    1
              7460     20180622   7744201WMODERATE                      060798005    1
              7460     20180623   6444201WMODERATE                      060798005    1
              7460     20180624   4044201WGOOD                          060798005    1
              7460     20180625   4444201WGOOD                          060798005    1
              7460     20180626   5444201WMODERATE                      060798005    1
              7460     20180627   5044201WGOOD                          060798005    1
              7460     20180628   3344201WGOOD                          060798005    1
              7460     20180629   4444201WGOOD                          060798005    1
              7460     20180630   4844201WGOOD                          060798005    1
              7460     20180701   4344201WGOOD                          060798005    1
              7460     20180702   4344201WGOOD                          060798005    1
              7460     20180703   3244201WGOOD                          060798005    1
              7460     20180704   3444201WGOOD                          060798005    1
              7460     20180705   5144201WMODERATE                      060798005    1
              7460     20180706   5044201WGOOD                          060798005    1
              7460     20180707   5044201WGOOD                          060798005    1
              7460     20180708   5844201WMODERATE                      060798005    1
              7460     20180709   5444201WMODERATE                      060798005    1
              7460     20180710   4344201WGOOD                          060798005    1
              7460     20180711   4344201WGOOD                          060798005    1
              7460     20180712   3344201WGOOD                          060798005    1
              7460     20180713   4744201WGOOD                          060798005    1
              7460     20180714   4844201WGOOD                          060798005    1
              7460     20180715   4344201WGOOD                          060798005    1
              7460     20180716   4544201WGOOD                          060798005    1
              7460     20180717   5144201WMODERATE                      060798005    1
              7460     20180718   4944201WGOOD                          060798005    1
              7460     20180719   5444201WMODERATE                      060798005    1
              7460     20180720   4644201WGOOD                          060798005    1
              7460     20180721   3544201WGOOD                          060798005    1
              7460     20180722   4044201WGOOD                          060798005    1
              7460     20180723   4744201WGOOD                          060798005    1
              7460     20180724   5044201WGOOD                          060798005    1
              7460     20180725   5844201WMODERATE                      060798005    1
              7460     20180726   4944201WGOOD                          060798005    1
              7460     20180727   5144201WMODERATE                      060798005    1
              7460     20180728   5844201WMODERATE                      060798005    1
              7460     20180729   6444201WMODERATE                      060798005    1
              7460     20180730   4644201WGOOD                          060798005    1
              7460     20180731   6144201WMODERATE                      060798005    1
              7460     20180801   4644201WGOOD                          060798005    1
              7460     20180802   4444201WGOOD                          060798005    1
              7460     20180803  10844201WUNHEALTHY FOR SENSITIVE       060798005    1
              7460     20180804  11244201WUNHEALTHY FOR SENSITIVE       060798005    1
              7460     20180805   4144201WGOOD                          060798005    1
              7460     20180806  10144201WUNHEALTHY FOR SENSITIVE       060798005    1
              7460     20180807  10144201WUNHEALTHY FOR SENSITIVE       060798005    1
              7460     20180808   9344201WMODERATE                      060798005    1
              7460     20180809  11244201WUNHEALTHY FOR SENSITIVE       060798005    1
              7460     20180810   6144201WMODERATE                      060798005    1
              7460     20180811   4344201WGOOD                          060798005    1
              7460     20180812   3644201WGOOD                          060798005    1
              7460     20180813   3744201WGOOD                          060798005    1
              7460     20180814   4644201WGOOD                          060798005    1
              7460     20180815   4844201WGOOD                          060798005    1
              7460     20180816   5044201WGOOD                          060798005    1
              7460     20180817   6444201WMODERATE                      060798005    1
              7460     20180818   7144201WMODERATE                      060798005    1
              7460     20180819   7444201WMODERATE                      060798005    1
              7460     20180820   4544201WGOOD                          060798005    1
              7460     20180821   4144201WGOOD                          060798005    1
              7460     20180822   4244201WGOOD                          060798005    1
              7460     20180823   4244201WGOOD                          060798005    1
              7460     20180824   6744201WMODERATE                      060798005    1
              7460     20180825   8044201WMODERATE                      060798005    1
              7460     20180826   4744201WGOOD                          060798005    1
              7460     20180827   3344201WGOOD                          060798005    1
              7460     20180828   3144201WGOOD                          060798005    1
              7460     20180829   3444201WGOOD                          060798005    1
              7460     20180830   4444201WGOOD                          060798005    1
              7460     20180831   6144201WMODERATE                      060798005    1
              7460     20180901   4844201WGOOD                          060798005    1
              7460     20180902   4544201WGOOD                          060798005    1
              7460     20180903   5044201WGOOD                          060798005    1
              7460     20180904   5044201WGOOD                          060798005    1
              7460     20180905   4444201WGOOD                          060798005    1
              7460     20180906   6144201WMODERATE                      060798005    1
              7460     20180907   5044201WGOOD                          060798005    1
              7460     20180908   5144201WMODERATE                      060798005    1
              7460     20180909   4944201WGOOD                          060798005    1
              7460     20180910   7144201WMODERATE                      060798005    1
              7460     20180911   4944201WGOOD                          060798005    1
              7460     20180912   4344201WGOOD                          060798005    1
              7460     20180913   4344201WGOOD                          060798005    1
              7460     20180914   4644201WGOOD                          060798005    1
              7460     20180915   4244201WGOOD                          060798005    1
              7460     20180916   4444201WGOOD                          060798005    1
              7460     20180917   4444201WGOOD                          060798005    1
              7460     20180918   5444201WMODERATE                      060798005    1
              7460     20180919   5844201WMODERATE                      060798005    1
              7460     20180920   6744201WMODERATE                      060798005    1
              7460     20180921   7444201WMODERATE                      060798005    1
              7460     20180922   9044201WMODERATE                      060798005    1
              7460     20180923   5444201WMODERATE                      060798005    1
              7460     20180924   4944201WGOOD                          060798005    1
              7460     20180925   6144201WMODERATE                      060798005    1
              7460     20180926  10044201WMODERATE                      060798005    1
              7460     20180927  10844201WUNHEALTHY FOR SENSITIVE       060798005    1
              7460     20180928   4644201WGOOD                          060798005    1
              7460     20181001   3644201WGOOD                          060798005    1
              7460     20181002   3344201WGOOD                          060798005    1
              7460     20181003   2144201WGOOD                          060798005    1
              7460     20181004   3044201WGOOD                          060798005    1
              7460     20181005   4144201WGOOD                          060798005    1
              7460     20181006   3844201WGOOD                          060798005    1
              7460     20181007   3944201WGOOD                          060798005    1
              7460     20181008   4344201WGOOD                          060798005    1
              7460     20181009   4244201WGOOD                          060798005    1
              7460     20181010   3344201WGOOD                          060798005    1
              7460     20181011   3944201WGOOD                          060798005    1
              7460     20181012   4644201WGOOD                          060798005    1
              7460     20181013   4244201WGOOD                          060798005    1
              7460     20181014   4844201WGOOD                          060798005    1
              7460     20181015   4544201WGOOD                          060798005    1
              7460     20181016   6144201WMODERATE                      060798005    1
              7460     20181017   6444201WMODERATE                      060798005    1
              7460     20181018   7444201WMODERATE                      060798005    1
              7460     20181019   8044201WMODERATE                      060798005    1
              7460     20181020   8044201WMODERATE                      060798005    1
              7460     20181021   8044201WMODERATE                      060798005    1
              7460     20181022   5044201WGOOD                          060798005    1
              7460     20181023   4944201WGOOD                          060798005    1
              7460     20181024   4844201WGOOD                          060798005    1
              7460     20181025   4744201WGOOD                          060798005    1
              7460     20181026   7744201WMODERATE                      060798005    1
              7460     20181027   9344201WMODERATE                      060798005    1
              7460     20181028   7444201WMODERATE                      060798005    1
              7460     20181029   3644201WGOOD                          060798005    1
              7460     20181030   3544201WGOOD                          060798005    1
              7460     20181031   3844201WGOOD                          060798005    1
              7460     20181101   4844201WGOOD                          060798005    1
              7460     20181102   4744201WGOOD                          060798005    1
              7460     20181103   4344201WGOOD                          060798005    1
              7460     20181104   4944201WGOOD                          060798005    1
              7460     20181105   4444201WGOOD                          060798005    1
              7460     20181107   4444201WGOOD                          060798005    1
              7460     20181108   3344201WGOOD                          060798005    1
              7460     20181110   5444201WMODERATE                      060798005    1
              7460     20181111   5144201WMODERATE                      060798005    1
              7460     20181112   4944201WGOOD                          060798005    1
              7460     20181113   4244201WGOOD                          060798005    1
              7460     20181114   5844201WMODERATE                      060798005    1
              7460     20181115   6444201WMODERATE                      060798005    1
              7460     20181116   5444201WMODERATE                      060798005    1
              7460     20181117   8044201WMODERATE                      060798005    1
              7460     20181118   9744201WMODERATE                      060798005    1
              7460     20181119   9344201WMODERATE                      060798005    1
              7460     20181120   4544201WGOOD                          060798005    1
              7460     20181121   3144201WGOOD                          060798005    1
              7460     20181122   3244201WGOOD                          060798005    1
              7460     20181126   3444201WGOOD                          060798005    1
              7460     20181127   3144201WGOOD                          060798005    1
              7460     20181128   3144201WGOOD                          060798005    1
              7460     20181129   3344201WGOOD                          060798005    1
              7460     20181130   3044201WGOOD                          060798005    1
              7460     20181201   3044201WGOOD                          060798005    1
              7460     20181202   3144201WGOOD                          060798005    1
              7460     20181203   3144201WGOOD                          060798005    1
              7460     20181204   3344201WGOOD                          060798005    1
              7460     20181205   3144201WGOOD                          060798005    1
              7460     20181206   2544201WGOOD                          060798005    1
              7460     20181207   2944201WGOOD                          060798005    1
              7460     20181208   2744201WGOOD                          060798005    1
              7460     20181209   2944201WGOOD                          060798005    1
              7460     20181210   2144201WGOOD                          060798005    1
              7460     20181211   2444201WGOOD                          060798005    1
              7460     20181212   2444201WGOOD                          060798005    1
              7460     20181213   3444201WGOOD                          060798005    1
              7460     20181214   3344201WGOOD                          060798005    1
              7460     20181215   3444201WGOOD                          060798005    1
              7460     20181216   3344201WGOOD                          060798005    1
              7460     20181217   3044201WGOOD                          060798005    1
              7460     20181218   3144201WGOOD                          060798005    1
              7460     20181219   3144201WGOOD                          060798005    1
              7460     20181220   4044201WGOOD                          060798005    1
              7460     20181221   2744201WGOOD                          060798005    1
              7460     20181222   2244201WGOOD                          060798005    1
              7460     20181223   2344201WGOOD                          060798005    1
              7460     20181224   2944201WGOOD                          060798005    1
              7460     20181225   3044201WGOOD                          060798005    1
              7460     20181226   3044201WGOOD                          060798005    1
              7460     20181227   3144201WGOOD                          060798005    1
              7460     20181228   3244201WGOOD                          060798005    1
              7460     20181229   3144201WGOOD                          060798005    1
              7460     20181230   3244201WGOOD                          060798005    1
              7460     20181231   2844201WGOOD                          060798005    1
# 355 records written to the file
