# STATE_CODE(1,2); COUNTY_CODE(3,3); CITY_CODE(6,5); UAR_CODE(11,4); MSA_CODE(15,4); CBSA_CODE (19,5); AQI_DATE(24,8); AQI_VALUE1(32,5); PARAMETER_CODE1(37,5); DURATION_CODE1(42,1); AQI_CATEGORY(43,30); MAX_AQI_SITE_ID1(73,9); NUM_SITES1(82,5); AQI_VALUE2(87, 5); PARAMETER_CODE2(92, 5); DURATION_CODE2(97, 1); MAX_AQI_SITE_ID2(98, 9); NUM_SITES2(107, 5); AQI_VALUE3(112, 5); PARAMETER_CODE3(117, 5); DURATION_CODE3(122, 1); MAX_AQI_SITE_ID3(123, 9); NUM_SITES3(132, 5); AQI_VALUE4(137, 5); PARAMETER_CODE4(142, 5); DURATION_CODE4(147, 1); MAX_AQI_SITE_ID4(148, 9); NUM_SITES4(157, 5); AQI_VALUE5(162, 5); PARAMETER_CODE5(167, 5); DURATION_CODE5(172, 1); MAX_AQI_SITE_ID5(173, 9); NUM_SITES5(182, 5); AQI_VALUE6(187, 5); PARAMETER_CODE6(192, 5); DURATION_CODE6(197, 1); MAX_AQI_SITE_ID6(198, 9); NUM_SITES6(207, 5); AQI_VALUE7(212, 5); PARAMETER_CODE7(217, 5); DURATION_CODE7(222, 1); MAX_AQI_SITE_ID7(223, 9); NUM_SITES7(232, 5); AQI_VALUE8(237, 5); PARAMETER_CODE8(242, 5); DURATION_CODE8(247, 1); MAX_AQI_SITE_ID8(248, 9); NUM_SITES8(257, 5)
              7460     20180101   2744201WGOOD                          060792006    1   24881017060792006    1   14811027060792006    1
              7460     20180102   29881017GOOD                          060792006    1   2444201W060792006    1   23811027060792006    1
              7460     20180103   26881017GOOD                          060792006    1   25811027060792006    1   1944201W060792006    1
              7460     20180104   1944201WGOOD                          060792006    1    7881017060792006    1    6811027060792006    1
              7460     20180105   2544201WGOOD                          060792006    1    5811027060792006    1    2881017060792006    1
              7460     20180106   2744201WGOOD                          060792006    1    9811027060792006    1    6881017060792006    1
              7460     20180107   2244201WGOOD                          060792006    1   10881017060792006    1    8811027060792006    1
              7460     20180108   3044201WGOOD                          060792006    1    6811027060792006    1    4881017060792006    1
              7460     20180109   3644201WGOOD                          060792006    1    7811027060792006    1    4881017060792006    1
              7460     20180110   3344201WGOOD                          060792006    1   13811027060792006    1   11881017060792006    1
              7460     20180111   3444201WGOOD                          060792006    1   16881017060792006    1    7811027060792006    1
              7460     20180112   3344201WGOOD                          060792006    1   24881017060792006    1    9811027060792006    1
              7460     20180113   33881017GOOD                          060792006    1   3044201W060792006    1   13811027060792006    1
              7460     20180114   3344201WGOOD                          060792006    1   17881017060792006    1   12811027060792006    1
              7460     20180115   2644201WGOOD                          060792006    1   20881017060792006    1   19811027060792006    1
              7460     20180116   2844201WGOOD                          060792006    1   28881017060792006    1   19811027060792006    1
              7460     20180117   2244201WGOOD                          060792006    1   18881017060792006    1    9811027060792006    1
              7460     20180118   3144201WGOOD                          060792006    1   15881017060792006    1    9811027060792006    1
              7460     20180119   3444201WGOOD                          060792006    1   10881017060792006    1    8811027060792006    1
              7460     20180120   3344201WGOOD                          060792006    1   13881017060792006    1    6811027060792006    1
              7460     20180121   3244201WGOOD                          060792006    1   17881017060792006    1    7811027060792006    1
              7460     20180122   3544201WGOOD                          060792006    1   20881017060792006    1    8811027060792006    1
              7460     20180123   3344201WGOOD                          060792006    1   19881017060792006    1    7811027060792006    1
              7460     20180124   3244201WGOOD                          060792006    1   13881017060792006    1    8811027060792006    1
              7460     20180125   3644201WGOOD                          060792006    1    8881017060792006    1    6811027060792006    1
              7460     20180126   3544201WGOOD                          060792006    1   15881017060792006    1    5811027060792006    1
              7460     20180127   4144201WGOOD                          060792006    1   18881017060792006    1    6811027060792006    1
              7460     20180128   3544201WGOOD                          060792006    1   19881017060792006    1    7811027060792006    1
              7460     20180129   3144201WGOOD                          060792006    1   12881017060792006    1    9811027060792006    1
              7460     20180130   2344201WGOOD                          060792006    1   16881017060792006    1
              7460     20180131   3444201WGOOD                          060792006    1   14881017060792006    1
              7460     20180201   3844201WGOOD                          060792006    1   15881017060792006    1
              7460     20180202   3544201WGOOD                          060792006    1   17881017060792006    1
              7460     20180203   4444201WGOOD                          060792006    1   24881017060792006    1   13811027060792006    1
              7460     20180204   4244201WGOOD                          060792006    1   23881017060792006    1   12811027060792006    1
              7460     20180205   4244201WGOOD                          060792006    1   28881017060792006    1   15811027060792006    1
              7460     20180206   3944201WGOOD                          060792006    1   19881017060792006    1   11811027060792006    1
              7460     20180207   3644201WGOOD                          060792006    1   27881017060792006    1   12811027060792006    1
              7460     20180208   4444201WGOOD                          060792006    1   25881017060792006    1   13811027060792006    1
              7460     20180209   4444201WGOOD                          060792006    1   21881017060792006    1   15811027060792006    1
              7460     20180210   40881017GOOD                          060792006    1   3444201W060792006    1   23811027060792006    1
              7460     20180211   3744201WGOOD                          060792006    1   30881017060792006    1   19811027060792006    1
              7460     20180212   3744201WGOOD                          060792006    1   14881017060792006    1   12811027060792006    1
              7460     20180213   3144201WGOOD                          060792006    1   25881017060792006    1   12811027060792006    1
              7460     20180214   3844201WGOOD                          060792006    1   25881017060792006    1   12811027060792006    1
              7460     20180215   4344201WGOOD                          060792006    1   18881017060792006    1   10811027060792006    1
              7460     20180216   4144201WGOOD                          060792006    1   29881017060792006    1   14811027060792006    1
              7460     20180217   4244201WGOOD                          060792006    1   27881017060792006    1   13811027060792006    1
              7460     20180218   4044201WGOOD                          060792006    1   14811027060792006    1
              7460     20180219   3944201WGOOD                          060792006    1   12811027060792006    1
              7460     20180220   3744201WGOOD                          060792006    1    8811027060792006    1
              7460     20180221   4044201WGOOD                          060792006    1    6811027060792006    1
              7460     20180222   4044201WGOOD                          060792006    1   10811027060792006    1
              7460     20180223   3944201WGOOD                          060792006    1   13881017060792006    1    7811027060792006    1
              7460     20180224   4044201WGOOD                          060792006    1   13881017060792006    1    8811027060792006    1
              7460     20180225   4044201WGOOD                          060792006    1   14881017060792006    1    6811027060792006    1
              7460     20180226   3844201WGOOD                          060792006    1   15881017060792006    1    8811027060792006    1
              7460     20180227   3644201WGOOD                          060792006    1   11881017060792006    1    6811027060792006    1
              7460     20180228   3844201WGOOD                          060792006    1   17881017060792006    1    8811027060792006    1
              7460     20180301   3844201WGOOD                          060792006    1    7881017060792006    1    6811027060792006    1
              7460     20180302   3744201WGOOD                          060792006    1    7881017060792006    1    5811027060792006    1
              7460     20180303   3944201WGOOD                          060792006    1    5881017060792006    1    4811027060792006    1
              7460     20180304   3944201WGOOD                          060792006    1   10881017060792006    1    4811027060792006    1
              7460     20180305   3944201WGOOD                          060792006    1   10881017060792006    1    5811027060792006    1
              7460     20180306   4344201WGOOD                          060792006    1   15881017060792006    1
              7460     20180307   4144201WGOOD                          060792006    1   11881017060792006    1
              7460     20180308   3644201WGOOD                          060792006    1    7881017060792006    1
              7460     20180309   2644201WGOOD                          060792006    1    5881017060792006    1
              7460     20180310   3244201WGOOD                          060792006    1   11881017060792006    1    7811027060792006    1
              7460     20180311   2744201WGOOD                          060792006    1    3811027060792006    1    3881017060792006    1
              7460     20180312   2744201WGOOD                          060792006    1    5811027060792006    1    4881017060792006    1
              7460     20180313   3044201WGOOD                          060792006    1    3811027060792006    1    1881017060792006    1
              7460     20180314   3644201WGOOD                          060792006    1    6811027060792006    1    6881017060792006    1
              7460     20180315   3744201WGOOD                          060792006    1   11881017060792006    1    6811027060792006    1
              7460     20180316   3744201WGOOD                          060792006    1    8881017060792006    1    5811027060792006    1
              7460     20180317   3744201WGOOD                          060792006    1    7881017060792006    1    4811027060792006    1
              7460     20180318   3544201WGOOD                          060792006    1    9881017060792006    1    4811027060792006    1
              7460     20180319   4044201WGOOD                          060792006    1    7811027060792006    1
              7460     20180320   3244201WGOOD                          060792006    1    5811027060792006    1
              7460     20180321   2344201WGOOD                          060792006    1    2811027060792006    1
              7460     20180322   3944201WGOOD                          060792006    1    8881017060792006    1    6811027060792006    1
              7460     20180323   3844201WGOOD                          060792006    1   17881017060792006    1    8811027060792006    1
              7460     20180324   4144201WGOOD                          060792006    1   10881017060792006    1    6811027060792006    1
              7460     20180325   3944201WGOOD                          060792006    1   14881017060792006    1    7811027060792006    1
              7460     20180326   3744201WGOOD                          060792006    1   15881017060792006    1   10811027060792006    1
              7460     20180327   3844201WGOOD                          060792006    1   16881017060792006    1   11811027060792006    1
              7460     20180328   3444201WGOOD                          060792006    1   14881017060792006    1   13811027060792006    1
              7460     20180329   12881017GOOD                          060792006    1    7811027060792006    1
              7460     20180330   3744201WGOOD                          060792006    1   30881017060792006    1   10811027060792006    1
              7460     20180331   3644201WGOOD                          060792006    1   18881017060792006    1    6811027060792006    1
              7460     20180401   3144201WGOOD                          060792006    1   26881017060792006    1   11811027060792006    1
              7460     20180402   3144201WGOOD                          060792006    1   30881017060792006    1   15811027060792006    1
              7460     20180403   45881017GOOD                          060792006    1   3744201W060792006    1   19811027060792006    1
              7460     20180404   38881017GOOD                          060792006    1   3644201W060792006    1   18811027060792006    1
              7460     20180405   4444201WGOOD                          060792006    1   22881017060792006    1   12811027060792006    1
              7460     20180406   2744201WGOOD                          060792006    1   14881017060792006    1    6811027060792006    1
              7460     20180407   3044201WGOOD                          060792006    1   25881017060792006    1   11811027060792006    1
              7460     20180408   3944201WGOOD                          060792006    1   34881017060792006    1   16811027060792006    1
              7460     20180409   3844201WGOOD                          060792006    1   33881017060792006    1   18811027060792006    1
              7460     20180410   3544201WGOOD                          060792006    1   34881017060792006    1   15811027060792006    1
              7460     20180411   4244201WGOOD                          060792006    1   18881017060792006    1   10811027060792006    1
              7460     20180412   22881017GOOD                          060792006    1   13811027060792006    1
              7460     20180413   4344201WGOOD                          060792006    1   22881017060792006    1   10811027060792006    1
              7460     20180414   4544201WGOOD                          060792006    1   36881017060792006    1   18811027060792006    1
              7460     20180415   52881017MODERATE                      060792006    1   3844201W060792006    1   21811027060792006    1
              7460     20180416   4344201WGOOD                          060792006    1    8881017060792006    1    5811027060792006    1
              7460     20180417   3944201WGOOD                          060792006    1    9881017060792006    1    6811027060792006    1
              7460     20180418   4144201WGOOD                          060792006    1   17881017060792006    1    8811027060792006    1
              7460     20180419   3844201WGOOD                          060792006    1   18881017060792006    1   10811027060792006    1
              7460     20180420   3744201WGOOD                          060792006    1   35881017060792006    1   19811027060792006    1
              7460     20180421   3944201WGOOD                          060792006    1   39881017060792006    1   20811027060792006    1
              7460     20180422   53881017MODERATE                      060792006    1   3644201W060792006    1   26811027060792006    1
              7460     20180423   3444201WGOOD                          060792006    1   25881017060792006    1   12811027060792006    1
              7460     20180424   3544201WGOOD                          060792006    1   27881017060792006    1   12811027060792006    1
              7460     20180425   3744201WGOOD                          060792006    1   32881017060792006    1   13811027060792006    1
              7460     20180426   4344201WGOOD                          060792006    1   37881017060792006    1   17811027060792006    1
              7460     20180427   4144201WGOOD                          060792006    1   33881017060792006    1   15811027060792006    1
              7460     20180428   4444201WGOOD                          060792006    1   25881017060792006    1   11811027060792006    1
              7460     20180429   4244201WGOOD                          060792006    1   15881017060792006    1   12811027060792006    1
              7460     20180430   4644201WGOOD                          060792006    1   30881017060792006    1   18811027060792006    1
              7460     20180501   4244201WGOOD                          060792006    1   30881017060792006    1   18811027060792006    1
              7460     20180502   3944201WGOOD                          060792006    1   21881017060792006    1   14811027060792006    1
              7460     20180503   3444201WGOOD                          060792006    1   28881017060792006    1   13811027060792006    1
              7460     20180504   3844201WGOOD                          060792006    1   28881017060792006    1   17811027060792006    1
              7460     20180505   3744201WGOOD                          060792006    1   23881017060792006    1   11811027060792006    1
              7460     20180506   3544201WGOOD                          060792006    1   22881017060792006    1   12811027060792006    1
              7460     20180507   3644201WGOOD                          060792006    1   18881017060792006    1   14811027060792006    1
              7460     20180508   3144201WGOOD                          060792006    1   13881017060792006    1   11811027060792006    1
              7460     20180509   3744201WGOOD                          060792006    1   17881017060792006    1   13811027060792006    1
              7460     20180510   3844201WGOOD                          060792006    1   34881017060792006    1   22811027060792006    1
              7460     20180511   3844201WGOOD                          060792006    1
              7460     20180512   4244201WGOOD                          060792006    1
              7460     20180513   4144201WGOOD                          060792006    1
              7460     20180514   3644201WGOOD                          060792006    1
              7460     20180515   3644201WGOOD                          060792006    1
              7460     20180516   3344201WGOOD                          060792006    1
              7460     20180517   3144201WGOOD                          060792006    1   13881017060792006    1   10811027060792006    1
              7460     20180518   2944201WGOOD                          060792006    1   17881017060792006    1    8811027060792006    1
              7460     20180519   3544201WGOOD                          060792006    1   22881017060792006    1   13811027060792006    1
              7460     20180520   3644201WGOOD                          060792006    1   26881017060792006    1   16811027060792006    1
              7460     20180521   3244201WGOOD                          060792006    1   22881017060792006    1   13811027060792006    1
              7460     20180522   3144201WGOOD                          060792006    1   10881017060792006    1    6811027060792006    1
              7460     20180523   3344201WGOOD                          060792006    1    3811027060792006    1    0881017060792006    1
              7460     20180524   3344201WGOOD                          060792006    1    5881017060792006    1    4811027060792006    1
              7460     20180525   3144201WGOOD                          060792006    1    3811027060792006    1    2881017060792006    1
              7460     20180526   3244201WGOOD                          060792006    1   13881017060792006    1   10811027060792006    1
              7460     20180527   3144201WGOOD                          060792006    1   24881017060792006    1   13811027060792006    1
              7460     20180528   3144201WGOOD                          060792006    1   18881017060792006    1    7811027060792006    1
              7460     20180529   3144201WGOOD                          060792006    1   14881017060792006    1    8811027060792006    1
              7460     20180530   3444201WGOOD                          060792006    1   23881017060792006    1   13811027060792006    1
              7460     20180531   3244201WGOOD                          060792006    1   25881017060792006    1   17811027060792006    1
              7460     20180601   3444201WGOOD                          060792006    1   23881017060792006    1   15811027060792006    1
              7460     20180602   4744201WGOOD                          060792006    1   34881017060792006    1   22811027060792006    1
              7460     20180603   3144201WGOOD                          060792006    1   31881017060792006    1   16811027060792006    1
              7460     20180604   32881017GOOD                          060792006    1   3144201W060792006    1   15811027060792006    1
              7460     20180605   37881017GOOD                          060792006    1   3344201W060792006    1   23811027060792006    1
              7460     20180606   3144201WGOOD                          060792006    1   25881017060792006    1   15811027060792006    1
              7460     20180607   3744201WGOOD                          060792006    1   23881017060792006    1   16811027060792006    1
              7460     20180608   3644201WGOOD                          060792006    1   34881017060792006    1   20811027060792006    1
              7460     20180609   3544201WGOOD                          060792006    1   24881017060792006    1   16811027060792006    1
              7460     20180610   3344201WGOOD                          060792006    1   30881017060792006    1   21811027060792006    1
              7460     20180611   3144201WGOOD                          060792006    1   24881017060792006    1   16811027060792006    1
              7460     20180612   3244201WGOOD                          060792006    1   19881017060792006    1   13811027060792006    1
              7460     20180613   3844201WGOOD                          060792006    1   28881017060792006    1   18811027060792006    1
              7460     20180614   27881017GOOD                          060792006    1   2644201W060792006    1   17811027060792006    1
              7460     20180615   2944201WGOOD                          060792006    1   18881017060792006    1   13811027060792006    1
              7460     20180616   2944201WGOOD                          060792006    1   11881017060792006    1    9811027060792006    1
              7460     20180617   20881017GOOD                          060792006    1   12811027060792006    1
              7460     20180618   24881017GOOD                          060792006    1   14811027060792006    1
              7460     20180619   19881017GOOD                          060792006    1   11811027060792006    1
              7460     20180620   23881017GOOD                          060792006    1   14811027060792006    1
              7460     20180621   23881017GOOD                          060792006    1   16811027060792006    1
              7460     20180622   2644201WGOOD                          060792006    1   26881017060792006    1   17811027060792006    1
              7460     20180623   3844201WGOOD                          060792006    1   24881017060792006    1   15811027060792006    1
              7460     20180624   3444201WGOOD                          060792006    1   18881017060792006    1    8811027060792006    1
              7460     20180625   3144201WGOOD                          060792006    1   10881017060792006    1    5811027060792006    1
              7460     20180626   3044201WGOOD                          060792006    1   14881017060792006    1    9811027060792006    1
              7460     20180627   3044201WGOOD                          060792006    1   13881017060792006    1   10811027060792006    1
              7460     20180628   33881017GOOD                          060792006    1   3144201W060792006    1   19811027060792006    1
              7460     20180629   40881017GOOD                          060792006    1   3144201W060792006    1   24811027060792006    1
              7460     20180630   3644201WGOOD                          060792006    1   34881017060792006    1   15811027060792006    1
              7460     20180701   3144201WGOOD                          060792006    1   18881017060792006    1    8811027060792006    1
              7460     20180702   3044201WGOOD                          060792006    1    8881017060792006    1    6811027060792006    1
              7460     20180703   3144201WGOOD                          060792006    1    8881017060792006    1    4811027060792006    1
              7460     20180704   3144201WGOOD                          060792006    1   19881017060792006    1    9811027060792006    1
              7460     20180705   3044201WGOOD                          060792006    1   22881017060792006    1   11811027060792006    1
              7460     20180706   4044201WGOOD                          060792006    1   30881017060792006    1   23811027060792006    1
              7460     20180707   40881017GOOD                          060792006    1   3044201W060792006    1   27811027060792006    1
              7460     20180708   50881017GOOD                          060792006    1   3144201W060792006    1   28811027060792006    1
              7460     20180709   3744201WGOOD                          060792006    1   33881017060792006    1   23811027060792006    1
              7460     20180710   49881017GOOD                          060792006    1   29811027060792006    1   2644201W060792006    1
              7460     20180711   25881017GOOD                          060792006    1   2444201W060792006    1   15811027060792006    1
              7460     20180712   2744201WGOOD                          060792006    1    6811027060792006    1    5881017060792006    1
              7460     20180713   2444201WGOOD                          060792006    1    5811027060792006    1    3881017060792006    1
              7460     20180714   2044201WGOOD                          060792006    1    5881017060792006    1    3811027060792006    1
              7460     20180715   2344201WGOOD                          060792006    1    5881017060792006    1    4811027060792006    1
              7460     20180716   2744201WGOOD                          060792006    1   12881017060792006    1    6811027060792006    1
              7460     20180717   2644201WGOOD                          060792006    1   12881017060792006    1    6811027060792006    1
              7460     20180718   2644201WGOOD                          060792006    1   13881017060792006    1    6811027060792006    1
              7460     20180719   3244201WGOOD                          060792006    1    8881017060792006    1    7811027060792006    1
              7460     20180720   3044201WGOOD                          060792006    1    7881017060792006    1    6811027060792006    1
              7460     20180721   2144201WGOOD                          060792006    1    6881017060792006    1    4811027060792006    1
              7460     20180722   2244201WGOOD                          060792006    1    5811027060792006    1    3881017060792006    1
              7460     20180723   2544201WGOOD                          060792006    1   25881017060792006    1   15811027060792006    1
              7460     20180724   2844201WGOOD                          060792006    1   28881017060792006    1   14811027060792006    1
              7460     20180725   37881017GOOD                          060792006    1   2944201W060792006    1   17811027060792006    1
              7460     20180726   2744201WGOOD                          060792006    1   26881017060792006    1    9811027060792006    1
              7460     20180727   2344201WGOOD                          060792006    1   19881017060792006    1    8811027060792006    1
              7460     20180728   2244201WGOOD                          060792006    1   17881017060792006    1    7811027060792006    1
              7460     20180729   2644201WGOOD                          060792006    1   15881017060792006    1    7811027060792006    1
              7460     20180730   2644201WGOOD                          060792006    1   10881017060792006    1    6811027060792006    1
              7460     20180731   2944201WGOOD                          060792006    1   15881017060792006    1   10811027060792006    1
              7460     20180801   2744201WGOOD                          060792006    1   20881017060792006    1   10811027060792006    1
              7460     20180802   2144201WGOOD                          060792006    1
              7460     20180803   1944201WGOOD                          060792006    1
              7460     20180804   43881017GOOD                          060792006    1   2544201W060792006    1   18811027060792006    1
              7460     20180805   40881017GOOD                          060792006    1   2344201W060792006    1   19811027060792006    1
              7460     20180806   32881017GOOD                          060792006    1   2944201W060792006    1   18811027060792006    1
              7460     20180807   31881017GOOD                          060792006    1   2744201W060792006    1   16811027060792006    1
              7460     20180808   4644201WGOOD                          060792006    1   32881017060792006    1   14811027060792006    1
              7460     20180809   3844201WGOOD                          060792006    1   21881017060792006    1   13811027060792006    1
              7460     20180810   3944201WGOOD                          060792006    1   18881017060792006    1    8811027060792006    1
              7460     20180811   3144201WGOOD                          060792006    1   18881017060792006    1    8811027060792006    1
              7460     20180812   27881017GOOD                          060792006    1   2544201W060792006    1    9811027060792006    1
              7460     20180813   2344201WGOOD                          060792006    1   21881017060792006    1    6811027060792006    1
              7460     20180814   2944201WGOOD                          060792006    1   25881017060792006    1    9811027060792006    1
              7460     20180815   40881017GOOD                          060792006    1   3044201W060792006    1   14811027060792006    1
              7460     20180816   57881017MODERATE                      060792006    1   3544201W060792006    1   19811027060792006    1
              7460     20180817   63881017MODERATE                      060792006    1   3344201W060792006    1   25811027060792006    1
              7460     20180818   54881017MODERATE                      060792006    1   3444201W060792006    1   18811027060792006    1
              7460     20180819   54881017MODERATE                      060792006    1   3144201W060792006    1   15811027060792006    1
              7460     20180820   67881017MODERATE                      060792006    1   3444201W060792006    1   21811027060792006    1
              7460     20180821   62881017MODERATE                      060792006    1   3744201W060792006    1   19811027060792006    1
              7460     20180822   62881017MODERATE                      060792006    1   3944201W060792006    1   18811027060792006    1
              7460     20180823  100881017MODERATE                      060792006    1   4644201W060792006    1   37811027060792006    1
              7460     20180824  108881017UNHEALTHY FOR SENSITIVE       060792006    1   4844201W060792006    1   41811027060792006    1
              7460     20180825   62881017MODERATE                      060792006    1   3944201W060792006    1   22811027060792006    1
              7460     20180826   48881017GOOD                          060792006    1   3244201W060792006    1   17811027060792006    1
              7460     20180827   35881017GOOD                          060792006    1   3144201W060792006    1   12811027060792006    1
              7460     20180828   32881017GOOD                          060792006    1   2444201W060792006    1   10811027060792006    1
              7460     20180829   3344201WGOOD                          060792006    1   28881017060792006    1   12811027060792006    1
              7460     20180830   43881017GOOD                          060792006    1   3444201W060792006    1   17811027060792006    1
              7460     20180831   40881017GOOD                          060792006    1   2944201W060792006    1   19811027060792006    1
              7460     20180901   35881017GOOD                          060792006    1   2444201W060792006    1   20811027060792006    1
              7460     20180902   40881017GOOD                          060792006    1   3644201W060792006    1   15811027060792006    1
              7460     20180903   3544201WGOOD                          060792006    1   23881017060792006    1    7811027060792006    1
              7460     20180904   3144201WGOOD                          060792006    1   27881017060792006    1   10811027060792006    1
              7460     20180905   3144201WGOOD                          060792006    1   26881017060792006    1    9811027060792006    1
              7460     20180906   33881017GOOD                          060792006    1   3044201W060792006    1   11811027060792006    1
              7460     20180907   41881017GOOD                          060792006    1   3044201W060792006    1   17811027060792006    1
              7460     20180908   40881017GOOD                          060792006    1   2344201W060792006    1   20811027060792006    1
              7460     20180909   40881017GOOD                          060792006    1   2744201W060792006    1   21811027060792006    1
              7460     20180910   3044201WGOOD                          060792006    1   30881017060792006    1   18811027060792006    1
              7460     20180911   39881017GOOD                          060792006    1   3044201W060792006    1   20811027060792006    1
              7460     20180912   3144201WGOOD                          060792006    1   29881017060792006    1   19811027060792006    1
              7460     20180913   3044201WGOOD                          060792006    1   22881017060792006    1   14811027060792006    1
              7460     20180914   3144201WGOOD                          060792006    1   24881017060792006    1   19811027060792006    1
              7460     20180915   2944201WGOOD                          060792006    1   26881017060792006    1   13811027060792006    1
              7460     20180916   52881017MODERATE                      060792006    1   3344201W060792006    1   22811027060792006    1
              7460     20180917   3344201WGOOD                          060792006    1   20881017060792006    1   10811027060792006    1
              7460     20180918   3144201WGOOD                          060792006    1   29881017060792006    1   18811027060792006    1
              7460     20180919   38881017GOOD                          060792006    1   3144201W060792006    1   21811027060792006    1
              7460     20180920   4844201WGOOD                          060792006    1   48881017060792006    1   27811027060792006    1
              7460     20180921   4344201WGOOD                          060792006    1   32881017060792006    1   14811027060792006    1
              7460     20180922   3844201WGOOD                          060792006    1   25881017060792006    1   10811027060792006    1
              7460     20180923   3344201WGOOD                          060792006    1   18881017060792006    1    7811027060792006    1
              7460     20180924   31881017GOOD                          060792006    1   2844201W060792006    1   12811027060792006    1
              7460     20180925   40881017GOOD                          060792006    1   3144201W060792006    1   17811027060792006    1
              7460     20180926   40881017GOOD                          060792006    1   3544201W060792006    1   19811027060792006    1
              7460     20180927   3744201WGOOD                          060792006    1   23881017060792006    1    7811027060792006    1
              7460     20180928   3744201WGOOD                          060792006    1   29881017060792006    1   12811027060792006    1
              7460     20180929   3744201WGOOD                          060792006    1   27881017060792006    1   11811027060792006    1
              7460     20180930   3044201WGOOD                          060792006    1   16881017060792006    1    8811027060792006    1
              7460     20181001   2944201WGOOD                          060792006    1   14881017060792006    1    6811027060792006    1
              7460     20181002   2544201WGOOD                          060792006    1   16881017060792006    1   10811027060792006    1
              7460     20181003   1944201WGOOD                          060792006    1   13881017060792006    1    5811027060792006    1
              7460     20181004   2544201WGOOD                          060792006    1    8881017060792006    1    4811027060792006    1
              7460     20181005   3144201WGOOD                          060792006    1   19881017060792006    1    9811027060792006    1
              7460     20181006   3244201WGOOD                          060792006    1   28881017060792006    1   17811027060792006    1
              7460     20181007   3244201WGOOD                          060792006    1   27881017060792006    1   17811027060792006    1
              7460     20181008   3844201WGOOD                          060792006    1   32881017060792006    1   23811027060792006    1
              7460     20181009   3644201WGOOD                          060792006    1   29881017060792006    1   12811027060792006    1
              7460     20181010   3644201WGOOD                          060792006    1   24881017060792006    1   14811027060792006    1
              7460     20181011   3444201WGOOD                          060792006    1   18881017060792006    1    9811027060792006    1
              7460     20181012   4344201WGOOD                          060792006    1   24881017060792006    1   18811027060792006    1
              7460     20181013   3944201WGOOD                          060792006    1   35881017060792006    1   18811027060792006    1
              7460     20181014   3644201WGOOD                          060792006    1   30881017060792006    1   12811027060792006    1
              7460     20181015   3644201WGOOD                          060792006    1   28881017060792006    1   18811027060792006    1
              7460     20181016   4344201WGOOD                          060792006    1   20881017060792006    1   18811027060792006    1
              7460     20181017   3544201WGOOD                          060792006    1   15881017060792006    1   10811027060792006    1
              7460     20181018   4044201WGOOD                          060792006    1   31881017060792006    1   16811027060792006    1
              7460     20181019   4844201WGOOD                          060792006    1   33881017060792006    1   22811027060792006    1
              7460     20181020   4444201WGOOD                          060792006    1   35881017060792006    1   25811027060792006    1
              7460     20181021   3744201WGOOD                          060792006    1   37881017060792006    1   18811027060792006    1
              7460     20181022   39881017GOOD                          060792006    1   3844201W060792006    1   18811027060792006    1
              7460     20181023   3744201WGOOD                          060792006    1   19881017060792006    1   16811027060792006    1
              7460     20181024   4244201WGOOD                          060792006    1   21881017060792006    1   17811027060792006    1
              7460     20181025   4044201WGOOD                          060792006    1   22881017060792006    1   18811027060792006    1
              7460     20181026   4044201WGOOD                          060792006    1   27881017060792006    1   20811027060792006    1
              7460     20181027   3444201WGOOD                          060792006    1   27881017060792006    1   19811027060792006    1
              7460     20181028   2844201WGOOD                          060792006    1   20881017060792006    1   16811027060792006    1
              7460     20181029   3644201WGOOD                          060792006    1   18811027060792006    1   10881017060792006    1
              7460     20181030   3544201WGOOD                          060792006    1   21811027060792006    1   17881017060792006    1
              7460     20181031   4144201WGOOD                          060792006    1   28811027060792006    1   20881017060792006    1
              7460     20181101   4644201WGOOD                          060792006    1   24811027060792006    1   20881017060792006    1
              7460     20181102   3944201WGOOD                          060792006    1   23881017060792006    1   20811027060792006    1
              7460     20181103   4044201WGOOD                          060792006    1   30881017060792006    1   19811027060792006    1
              7460     20181104   3644201WGOOD                          060792006    1   30881017060792006    1   25811027060792006    1
              7460     20181105   3744201WGOOD                          060792006    1   26881017060792006    1   21811027060792006    1
              7460     20181106   3944201WGOOD                          060792006    1   32881017060792006    1   27811027060792006    1
              7460     20181107   4144201WGOOD                          060792006    1   24881017060792006    1   23811027060792006    1
              7460     20181108   4144201WGOOD                          060792006    1   26881017060792006    1   24811027060792006    1
              7460     20181109   4444201WGOOD                          060792006    1   22811027060792006    1   20881017060792006    1
              7460     20181110   52881017MODERATE                      060792006    1   4144201W060792006    1   28811027060792006    1
              7460     20181111   61881017MODERATE                      060792006    1   4944201W060792006    1   27811027060792006    1
              7460     20181112   55881017MODERATE                      060792006    1   4444201W060792006    1   30811027060792006    1
              7460     20181113   4244201WGOOD                          060792006    1   36881017060792006    1   27811027060792006    1
              7460     20181114   4144201WGOOD                          060792006    1   33881017060792006    1   27811027060792006    1
              7460     20181115   50881017GOOD                          060792006    1   4344201W060792006    1   31811027060792006    1
              7460     20181116   56881017MODERATE                      060792006    1   4144201W060792006    1   34811027060792006    1
              7460     20181117   93881017MODERATE                      060792006    1   4744201W060792006    1   40811027060792006    1
              7460     20181118   86881017MODERATE                      060792006    1   4544201W060792006    1   36811027060792006    1
              7460     20181119   67881017MODERATE                      060792006    1   3244201W060792006    1   32811027060792006    1
              7460     20181120   48881017GOOD                          060792006    1   3444201W060792006    1   20811027060792006    1
              7460     20181121   3244201WGOOD                          060792006    1   22881017060792006    1   14811027060792006    1
              7460     20181122   3644201WGOOD                          060792006    1    5811027060792006    1    4881017060792006    1
              7460     20181123   3044201WGOOD                          060792006    1    5881017060792006    1    4811027060792006    1
              7460     20181124   3144201WGOOD                          060792006    1    6811027060792006    1    6881017060792006    1
              7460     20181125   3044201WGOOD                          060792006    1   14881017060792006    1    6811027060792006    1
              7460     20181126   3244201WGOOD                          060792006    1   17881017060792006    1    9811027060792006    1
              7460     20181127   3144201WGOOD                          060792006    1   16881017060792006    1    8811027060792006    1
              7460     20181128   3344201WGOOD                          060792006    1    6881017060792006    1    5811027060792006    1
              7460     20181129   3744201WGOOD                          060792006    1   17881017060792006    1   11811027060792006    1
              7460     20181130   3344201WGOOD                          060792006    1   18881017060792006    1   13811027060792006    1
              7460     20181201   3644201WGOOD                          060792006    1   12881017060792006    1    8811027060792006    1
              7460     20181202   3444201WGOOD                          060792006    1    8881017060792006    1    6811027060792006    1
              7460     20181203   3144201WGOOD                          060792006    1   13881017060792006    1    6811027060792006    1
              7460     20181204   3644201WGOOD                          060792006    1    9811027060792006    1    8881017060792006    1
              7460     20181205   3244201WGOOD                          060792006    1    1811027060792006    1    1881017060792006    1
              7460     20181206   2344201WGOOD                          060792006    1   15881017060792006    1    5811027060792006    1
              7460     20181207   3244201WGOOD                          060792006    1   18881017060792006    1    6811027060792006    1
              7460     20181208   3144201WGOOD                          060792006    1   21881017060792006    1    6811027060792006    1
              7460     20181209   2844201WGOOD                          060792006    1   20881017060792006    1    8811027060792006    1
              7460     20181210   3044201WGOOD                          060792006    1   19881017060792006    1    6811027060792006    1
              7460     20181211   3044201WGOOD                          060792006    1   29881017060792006    1    8811027060792006    1
              7460     20181212   18881017GOOD                          060792006    1    6811027060792006    1
              7460     20181213   3144201WGOOD                          060792006    1   30881017060792006    1   13811027060792006    1
              7460     20181214   3144201WGOOD                          060792006    1   27881017060792006    1   14811027060792006    1
              7460     20181215   3044201WGOOD                          060792006    1   19881017060792006    1    8811027060792006    1
              7460     20181216   3144201WGOOD                          060792006    1   10881017060792006    1    5811027060792006    1
              7460     20181217   3344201WGOOD                          060792006    1   10881017060792006    1    8811027060792006    1
              7460     20181218   3544201WGOOD                          060792006    1    6881017060792006    1    5811027060792006    1
              7460     20181219   2944201WGOOD                          060792006    1   10881017060792006    1    6811027060792006    1
              7460     20181220   2644201WGOOD                          060792006    1   21881017060792006    1   11811027060792006    1
              7460     20181221   2844201WGOOD                          060792006    1   19881017060792006    1   13811027060792006    1
              7460     20181222   2444201WGOOD                          060792006    1   20881017060792006    1    6811027060792006    1
              7460     20181223   36881017GOOD                          060792006    1   2644201W060792006    1    9811027060792006    1
              7460     20181224   3344201WGOOD                          060792006    1   15881017060792006    1    7811027060792006    1
              7460     20181225   3244201WGOOD                          060792006    1    9881017060792006    1    6811027060792006    1
              7460     20181226   2744201WGOOD                          060792006    1   11881017060792006    1    6811027060792006    1
              7460     20181227   2944201WGOOD                          060792006    1    5811027060792006    1    3881017060792006    1
              7460     20181228   3044201WGOOD                          060792006    1    5881017060792006    1    3811027060792006    1
              7460     20181229   3244201WGOOD                          060792006    1   15881017060792006    1    6811027060792006    1
              7460     20181230   3044201WGOOD                          060792006    1   22881017060792006    1   10811027060792006    1
              7460     20181231   3044201WGOOD                          060792006    1   17881017060792006    1    8811027060792006    1
# 365 records written to the file
